domain,google,quad9,cloudflare,comodosecuredns,opendns,A_list
google.com,6,5,3,113,60,"['142.251.128.78', '142.250.218.78', '142.250.219.174', '142.250.64.110', '142.250.219.206']"
youtube.com,122,6,4,126,55,"['142.251.128.142', '142.251.129.238', '142.251.129.174', '142.251.41.14', '142.251.128.142']"
facebook.com,5,5,4,112,47,"['157.240.12.35', '157.240.222.35', '31.13.85.36', '31.13.67.35', '157.240.12.35']"
a-msedge.net,0,0,0,0,0,[]
microsoft.com,4,8,5,129,4,"['20.81.111.85', '20.84.181.62', '20.103.85.33', '20.53.203.50', '20.112.52.29', '20.112.52.29', '20.84.181.62', '20.103.85.33', '20.53.203.50', '20.81.111.85', '20.81.111.85', '20.103.85.33', '20.84.181.62', '20.112.52.29', '20.53.203.50', '20.81.111.85', '20.84.181.62', '20.103.85.33', '20.53.203.50', '20.112.52.29', '20.84.181.62', '20.103.85.33', '20.112.52.29', '20.53.203.50', '20.81.111.85']"
netflix.com,8,5,4,115,7,"['3.230.129.93', '52.3.144.142', '54.237.226.164', '3.225.92.8', '3.211.157.115', '54.160.93.182', '3.211.157.115', '3.225.92.8', '54.160.93.182', '54.160.93.182', '3.211.157.115', '3.225.92.8', '54.160.93.182', '3.211.157.115', '3.225.92.8']"
epicgames.com,6,117,5,127,5,"['54.197.143.69', '54.235.191.8', '34.203.148.103', '52.22.82.88', '3.210.115.173', '3.223.206.124', '34.236.240.206', '3.224.231.164', '35.169.142.199', '52.22.246.29', '3.211.207.12', '54.197.143.69', '107.23.88.204', '54.157.155.117', '3.233.179.35', '44.215.224.99', '54.235.191.8', '34.236.240.206', '52.2.162.131', '52.22.82.88', '34.206.236.114', '52.86.209.73', '3.232.100.130', '3.216.16.195', '44.215.224.99', '54.90.222.114', '34.192.40.46', '52.86.209.73', '18.213.59.57', '34.205.180.101', '52.207.120.16', '23.20.205.194', '107.23.88.204', '3.224.229.142', '34.192.116.37', '34.193.142.121', '34.203.148.103', '52.22.246.29', '52.71.194.139', '54.157.155.117']"
akamaiedge.net,0,0,0,0,0,[]
gtld-servers.net,0,0,0,0,0,[]
twitter.com,7,5,5,116,5,"['104.244.42.129', '104.244.42.193', '104.244.42.1', '104.244.42.65', '104.244.42.65', '104.244.42.129', '104.244.42.1', '104.244.42.193', '104.244.42.193', '104.244.42.129', '104.244.42.1', '104.244.42.65', '104.244.42.129', '104.244.42.1', '104.244.42.65', '104.244.42.129', '104.244.42.193']"
instagram.com,7,5,4,114,46,"['157.240.12.174', '157.240.226.174', '157.240.226.174', '31.13.71.174', '157.240.12.174']"
baidu.com,4,5,4,113,4,"['39.156.66.10', '110.242.68.66', '39.156.66.10', '110.242.68.66', '110.242.68.66', '39.156.66.10', '39.156.66.10', '110.242.68.66', '39.156.66.10', '110.242.68.66']"
amazonaws.com,3,5,4,112,5,"['72.21.206.80', '72.21.210.29', '207.171.166.22', '207.171.166.22', '72.21.206.80', '72.21.210.29', '72.21.210.29', '72.21.206.80', '207.171.166.22', '72.21.206.80', '207.171.166.22', '72.21.210.29', '207.171.166.22', '72.21.206.80', '72.21.210.29']"
apple.com,4,5,4,121,4,"['17.253.144.10', '17.253.144.10', '17.253.144.10', '17.253.144.10', '17.253.144.10']"
linkedin.com,10,6,4,113,5,"['13.107.42.14', '13.107.42.14', '13.107.42.14', '13.107.42.14', '13.107.42.14']"
cloudflare.com,7,5,5,118,4,"['104.16.133.229', '104.16.132.229', '104.16.132.229', '104.16.133.229', '104.16.133.229', '104.16.132.229', '104.16.132.229', '104.16.133.229', '104.16.133.229', '104.16.132.229']"
wikipedia.org,152,5,4,114,197,"['208.80.154.224', '208.80.154.224', '208.80.154.224', '208.80.154.224', '208.80.154.224']"
yahoo.com,5,5,4,114,5,"['74.6.231.20', '98.137.11.164', '74.6.143.25', '98.137.11.163', '34.225.127.72', '74.6.231.21', '74.6.143.26', '54.161.105.65', '74.6.143.26', '98.137.11.163', '74.6.143.25', '34.225.127.72', '98.137.11.164', '54.161.105.65', '74.6.231.20', '74.6.231.21', '98.137.11.163', '34.225.127.72', '74.6.231.21', '74.6.231.20', '98.137.11.164', '54.161.105.65', '74.6.143.26', '74.6.143.25', '74.6.143.25', '98.137.11.163', '54.161.105.65', '74.6.231.20', '34.225.127.72', '74.6.143.26', '74.6.231.21', '98.137.11.164', '98.137.11.163', '98.137.11.164', '34.225.127.72', '54.161.105.65', '74.6.143.25', '74.6.143.26', '74.6.231.20', '74.6.231.21']"
qq.com,181,5,4,347,4,"['61.129.7.47', '183.3.226.35', '203.205.254.157', '123.151.137.18', '183.3.226.35', '203.205.254.157', '123.151.137.18', '61.129.7.47', '183.3.226.35', '61.129.7.47', '203.205.254.157', '123.151.137.18', '61.129.7.47', '183.3.226.35', '203.205.254.157', '123.151.137.18', '61.129.7.47', '123.151.137.18', '183.3.226.35', '203.205.254.157']"
akamai.net,0,0,0,0,0,[]
domain1.tche.br,23,21,60,593,131,"['200.132.0.156', '200.132.0.156', '200.132.0.156', '200.132.0.156', '200.132.0.156']"
domain2.tche.br,25,22,66,267,326,"['200.132.0.156', '200.132.0.156', '200.132.0.156', '200.132.0.156', '200.132.0.156']"
domain3.tche.br,24,22,64,478,130,"['200.132.0.156', '200.132.0.156', '200.132.0.156', '200.132.0.156', '200.132.0.156']"
domain4.tche.br,24,23,61,261,333,"['200.132.0.156', '200.132.0.156', '200.132.0.156', '200.132.0.156', '200.132.0.156']"
domain5.tche.br,24,22,60,265,125,"['200.132.0.156', '200.132.0.156', '200.132.0.156', '200.132.0.156', '200.132.0.156']"
domain6.tche.br,23,21,60,259,131,"['200.132.0.156', '200.132.0.156', '200.132.0.156', '200.132.0.156', '200.132.0.156']"
domain7.tche.br,24,22,64,261,126,"['200.132.0.156', '200.132.0.156', '200.132.0.156', '200.132.0.156', '200.132.0.156']"
domain8.tche.br,24,22,105,261,129,"['200.132.0.156', '200.132.0.156', '200.132.0.156', '200.132.0.156', '200.132.0.156']"
domain9.tche.br,22,25,61,262,130,"['200.132.0.156', '200.132.0.156', '200.132.0.156', '200.132.0.156', '200.132.0.156']"
domain10.tche.br,27,23,60,262,131,"['200.132.0.156', '200.132.0.156', '200.132.0.156', '200.132.0.156', '200.132.0.156']"
domain11.tche.br,23,5,63,262,4,"['200.132.0.156', '200.132.0.156', '200.132.0.156', '200.132.0.156', '200.132.0.156']"
domain12.tche.br,21,4,22,264,5,"['200.132.0.156', '200.132.0.156', '200.132.0.156', '200.132.0.156', '200.132.0.156']"
domain13.tche.br,27,5,5,261,4,"['200.132.0.156', '200.132.0.156', '200.132.0.156', '200.132.0.156', '200.132.0.156']"
domain14.tche.br,26,6,62,263,4,"['200.132.0.156', '200.132.0.156', '200.132.0.156', '200.132.0.156', '200.132.0.156']"
domain15.tche.br,25,7,101,264,126,"['200.132.0.156', '200.132.0.156', '200.132.0.156', '200.132.0.156', '200.132.0.156']"
domain16.tche.br,24,5,4,260,4,"['200.132.0.156', '200.132.0.156', '200.132.0.156', '200.132.0.156', '200.132.0.156']"
domain17.tche.br,28,5,61,263,130,"['200.132.0.156', '200.132.0.156', '200.132.0.156', '200.132.0.156', '200.132.0.156']"
domain18.tche.br,25,5,6,262,5,"['200.132.0.156', '200.132.0.156', '200.132.0.156', '200.132.0.156', '200.132.0.156']"
domain19.tche.br,25,5,5,261,4,"['200.132.0.156', '200.132.0.156', '200.132.0.156', '200.132.0.156', '200.132.0.156']"
domain20.tche.br,23,5,5,260,4,"['200.132.0.156', '200.132.0.156', '200.132.0.156', '200.132.0.156', '200.132.0.156']"
tabsite.com,128,165,126,123,331,"['142.93.245.3', '142.93.245.3', '142.93.245.3', '142.93.245.3', '142.93.245.3']"
yuukagetsu.com,265,5,4,113,4,"['153.127.214.195', '153.127.214.195', '153.127.214.195', '153.127.214.195', '153.127.214.195']"
kafene.com,9,59,9,122,121,"['104.21.46.126', '172.67.139.4', '104.21.46.126', '172.67.139.4', '104.21.46.126', '172.67.139.4', '104.21.46.126', '172.67.139.4', '172.67.139.4', '104.21.46.126']"
yuzu-tosou.com,272,5,1171,112,4,"['183.181.82.28', '183.181.82.28', '183.181.82.28', '183.181.82.28', '183.181.82.28']"
lotzadollars.com,112,336,272,150,313,"['64.59.81.118', '64.59.81.118', '64.59.81.118', '64.59.81.118', '64.59.81.118']"
ywproperty.com,113,6,114,114,4,"['192.124.249.179', '192.124.249.179', '192.124.249.179', '192.124.249.179', '192.124.249.179']"
yxbabe.com,326,174,191,316,1919,"['47.108.200.10', '47.108.200.10', '47.108.200.10', '47.108.200.10', '47.108.200.10']"
gtd4xzbo4mycmst.com,0,0,0,0,0,[]
joyfulhour.net,110,163,265,121,122,"['3.33.130.190', '15.197.148.33', '15.197.148.33', '3.33.130.190', '3.33.130.190', '15.197.148.33', '3.33.130.190', '15.197.148.33', '3.33.130.190', '15.197.148.33']"
bentoncollections.com,112,165,114,129,8,"['23.227.38.32', '23.227.38.32', '23.227.38.32', '23.227.38.32', '23.227.38.32']"
yyfxgzs.com,0,0,0,0,0,[]
bonpost.ru,231,5,6,112,819,"['190.2.148.60', '190.2.148.60', '190.2.148.60', '190.2.148.60', '190.2.148.60']"
notary.net,5,241,293,120,8,"['97.64.129.7', '97.64.129.7', '97.64.129.7', '97.64.129.7', '97.64.129.7']"
yywater.tw,289,5,5,112,4,"['85.187.128.60', '85.187.128.60', '85.187.128.60', '85.187.128.60', '85.187.128.60']"
shopiro.ca,134,5,5,113,5,"['51.222.110.142', '51.222.110.142', '51.222.110.142', '51.222.110.142', '51.222.110.142']"
facetfiez.space,7,229,11,125,121,"['104.21.45.210', '172.67.219.46', '104.21.45.210', '172.67.219.46', '172.67.219.46', '104.21.45.210', '104.21.45.210', '172.67.219.46', '104.21.45.210', '172.67.219.46']"
yztown.vip,120,5,5,112,4,"['199.59.243.223', '199.59.243.223', '199.59.243.223', '199.59.243.223', '199.59.243.223']"
openhealthnews.com,9,237,6,120,120,"['104.21.62.98', '172.67.222.208', '104.21.62.98', '172.67.222.208', '104.21.62.98', '172.67.222.208', '172.67.222.208', '104.21.62.98', '172.67.222.208', '104.21.62.98']"
euniverse.com,0,0,0,112,0,['52.15.96.207']
freestart.hu,169,511,354,122,924,"['161.35.220.214', '161.35.220.214', '161.35.220.214', '161.35.220.214', '161.35.220.214']"
google.com,4,5,4,111,56,"['142.250.218.14', '142.250.218.78', '142.250.219.142', '142.250.65.238', '142.250.219.206']"
youtube.com,59,6,4,112,58,"['142.251.128.142', '142.251.129.238', '142.251.128.46', '142.251.41.14', '142.251.128.142']"
facebook.com,4,6,4,111,5,"['157.240.12.35', '157.240.222.35', '157.240.12.35', '157.240.241.35', '157.240.12.35']"
a-msedge.net,0,0,0,0,0,[]
microsoft.com,4,5,6,113,5,"['20.81.111.85', '20.84.181.62', '20.103.85.33', '20.53.203.50', '20.112.52.29', '20.112.52.29', '20.84.181.62', '20.103.85.33', '20.53.203.50', '20.81.111.85', '20.84.181.62', '20.53.203.50', '20.103.85.33', '20.81.111.85', '20.112.52.29', '20.81.111.85', '20.84.181.62', '20.103.85.33', '20.53.203.50', '20.112.52.29', '20.112.52.29', '20.53.203.50', '20.81.111.85', '20.84.181.62', '20.103.85.33']"
netflix.com,7,5,4,112,7,"['52.3.144.142', '54.237.226.164', '3.230.129.93', '3.225.92.8', '3.211.157.115', '54.160.93.182', '3.225.92.8', '3.211.157.115', '54.160.93.182', '54.237.226.164', '3.230.129.93', '52.3.144.142', '3.211.157.115', '3.225.92.8', '54.160.93.182']"
epicgames.com,8,5,5,113,4,"['3.210.115.173', '174.129.246.223', '54.226.212.47', '3.224.229.142', '52.203.14.136', '35.169.142.199', '54.197.143.69', '3.228.194.172', '35.169.142.199', '52.22.246.29', '3.211.207.12', '54.197.143.69', '107.23.88.204', '54.157.155.117', '3.233.179.35', '44.215.224.99', '34.203.119.126', '174.129.246.223', '52.71.194.139', '34.193.109.40', '52.207.120.16', '35.169.142.199', '52.22.246.29', '107.23.88.204', '44.215.224.99', '54.90.222.114', '34.192.40.46', '52.86.209.73', '18.213.59.57', '34.205.180.101', '52.207.120.16', '23.20.205.194', '3.210.97.92', '3.232.100.130', '3.233.179.35', '34.192.40.46', '52.86.209.73', '54.226.212.47', '174.129.246.223', '3.86.126.224']"
akamaiedge.net,0,0,0,0,0,[]
gtld-servers.net,0,0,0,0,0,[]
twitter.com,5,5,5,112,4,"['104.244.42.129', '104.244.42.65', '104.244.42.129', '104.244.42.1', '104.244.42.193', '104.244.42.129', '104.244.42.193', '104.244.42.65', '104.244.42.1', '104.244.42.129', '104.244.42.1', '104.244.42.65', '104.244.42.129', '104.244.42.193']"
instagram.com,6,4,3,112,5,"['157.240.12.174', '157.240.226.174', '157.240.12.174', '31.13.71.174', '157.240.12.174']"
baidu.com,4,4,4,114,4,"['39.156.66.10', '110.242.68.66', '39.156.66.10', '110.242.68.66', '39.156.66.10', '110.242.68.66', '39.156.66.10', '110.242.68.66', '110.242.68.66', '39.156.66.10']"
amazonaws.com,4,5,4,113,4,"['207.171.166.22', '72.21.206.80', '72.21.210.29', '207.171.166.22', '72.21.206.80', '72.21.210.29', '72.21.206.80', '72.21.210.29', '207.171.166.22', '72.21.206.80', '207.171.166.22', '72.21.210.29', '72.21.210.29', '207.171.166.22', '72.21.206.80']"
apple.com,4,5,4,112,4,"['17.253.144.10', '17.253.144.10', '17.253.144.10', '17.253.144.10', '17.253.144.10']"
linkedin.com,10,5,4,112,5,"['13.107.42.14', '13.107.42.14', '13.107.42.14', '13.107.42.14', '13.107.42.14']"
cloudflare.com,6,5,4,117,5,"['104.16.132.229', '104.16.133.229', '104.16.132.229', '104.16.133.229', '104.16.133.229', '104.16.132.229', '104.16.133.229', '104.16.132.229', '104.16.132.229', '104.16.133.229']"
wikipedia.org,150,7,4,112,197,"['208.80.154.224', '208.80.154.224', '208.80.154.224', '208.80.154.224', '208.80.154.224']"
yahoo.com,4,5,4,115,4,"['98.137.11.164', '54.161.105.65', '74.6.143.26', '34.225.127.72', '74.6.143.25', '98.137.11.163', '74.6.231.20', '74.6.231.21', '74.6.143.26', '98.137.11.163', '74.6.143.25', '34.225.127.72', '98.137.11.164', '54.161.105.65', '74.6.231.20', '74.6.231.21', '74.6.231.20', '74.6.143.26', '34.225.127.72', '74.6.143.25', '74.6.231.21', '54.161.105.65', '98.137.11.163', '98.137.11.164', '74.6.143.26', '74.6.231.21', '34.225.127.72', '74.6.231.20', '98.137.11.164', '98.137.11.163', '74.6.143.25', '54.161.105.65', '54.161.105.65', '74.6.143.25', '74.6.143.26', '74.6.231.20', '74.6.231.21', '98.137.11.163', '98.137.11.164', '34.225.127.72']"
qq.com,322,5,5,113,4,"['123.151.137.18', '61.129.7.47', '183.3.226.35', '203.205.254.157', '183.3.226.35', '203.205.254.157', '123.151.137.18', '61.129.7.47', '203.205.254.157', '123.151.137.18', '183.3.226.35', '61.129.7.47', '61.129.7.47', '183.3.226.35', '203.205.254.157', '123.151.137.18', '183.3.226.35', '203.205.254.157', '61.129.7.47', '123.151.137.18']"
akamai.net,0,0,0,0,0,[]
domain1.tche.br,23,5,62,113,4,"['200.132.0.156', '200.132.0.156', '200.132.0.156', '200.132.0.156', '200.132.0.156']"
domain2.tche.br,27,5,62,259,432,"['200.132.0.156', '200.132.0.156', '200.132.0.156', '200.132.0.156', '200.132.0.156']"
domain3.tche.br,24,5,63,265,125,"['200.132.0.156', '200.132.0.156', '200.132.0.156', '200.132.0.156', '200.132.0.156']"
domain4.tche.br,20,5,67,113,125,"['200.132.0.156', '200.132.0.156', '200.132.0.156', '200.132.0.156', '200.132.0.156']"
domain5.tche.br,24,5,62,114,128,"['200.132.0.156', '200.132.0.156', '200.132.0.156', '200.132.0.156', '200.132.0.156']"
domain6.tche.br,27,7,23,267,4,"['200.132.0.156', '200.132.0.156', '200.132.0.156', '200.132.0.156', '200.132.0.156']"
domain7.tche.br,27,5,64,113,126,"['200.132.0.156', '200.132.0.156', '200.132.0.156', '200.132.0.156', '200.132.0.156']"
domain8.tche.br,26,5,63,260,126,"['200.132.0.156', '200.132.0.156', '200.132.0.156', '200.132.0.156', '200.132.0.156']"
domain9.tche.br,22,6,61,112,125,"['200.132.0.156', '200.132.0.156', '200.132.0.156', '200.132.0.156', '200.132.0.156']"
domain10.tche.br,26,5,59,114,131,"['200.132.0.156', '200.132.0.156', '200.132.0.156', '200.132.0.156', '200.132.0.156']"
domain11.tche.br,24,5,64,263,4,"['200.132.0.156', '200.132.0.156', '200.132.0.156', '200.132.0.156', '200.132.0.156']"
domain12.tche.br,23,5,64,115,3,"['200.132.0.156', '200.132.0.156', '200.132.0.156', '200.132.0.156', '200.132.0.156']"
domain13.tche.br,27,5,6,260,4,"['200.132.0.156', '200.132.0.156', '200.132.0.156', '200.132.0.156', '200.132.0.156']"
domain14.tche.br,26,5,5,114,5,"['200.132.0.156', '200.132.0.156', '200.132.0.156', '200.132.0.156', '200.132.0.156']"
domain15.tche.br,27,5,4,112,4,"['200.132.0.156', '200.132.0.156', '200.132.0.156', '200.132.0.156', '200.132.0.156']"
domain16.tche.br,26,4,101,265,4,"['200.132.0.156', '200.132.0.156', '200.132.0.156', '200.132.0.156', '200.132.0.156']"
domain17.tche.br,26,5,4,261,4,"['200.132.0.156', '200.132.0.156', '200.132.0.156', '200.132.0.156', '200.132.0.156']"
domain18.tche.br,26,5,64,261,4,"['200.132.0.156', '200.132.0.156', '200.132.0.156', '200.132.0.156', '200.132.0.156']"
domain19.tche.br,26,4,60,264,4,"['200.132.0.156', '200.132.0.156', '200.132.0.156', '200.132.0.156', '200.132.0.156']"
domain20.tche.br,23,5,5,261,4,"['200.132.0.156', '200.132.0.156', '200.132.0.156', '200.132.0.156', '200.132.0.156']"
tabsite.com,126,5,134,112,220,"['142.93.245.3', '142.93.245.3', '142.93.245.3', '142.93.245.3', '142.93.245.3']"
yuukagetsu.com,274,5,623,112,5,"['153.127.214.195', '153.127.214.195', '153.127.214.195', '153.127.214.195', '153.127.214.195']"
kafene.com,9,5,7,124,18,"['104.21.46.126', '172.67.139.4', '104.21.46.126', '172.67.139.4', '104.21.46.126', '172.67.139.4', '172.67.139.4', '104.21.46.126', '104.21.46.126', '172.67.139.4']"
yuzu-tosou.com,3,4,578,112,3,"['183.181.82.28', '183.181.82.28', '183.181.82.28', '183.181.82.28', '183.181.82.28']"
lotzadollars.com,111,5,128,113,428,"['64.59.81.118', '64.59.81.118', '64.59.81.118', '64.59.81.118', '64.59.81.118']"
ywproperty.com,112,6,114,112,4,"['192.124.249.179', '192.124.249.179', '192.124.249.179', '192.124.249.179', '192.124.249.179']"
yxbabe.com,258,5,352,112,0,"['47.108.200.10', '47.108.200.10', '47.108.200.10', '47.108.200.10']"
gtd4xzbo4mycmst.com,0,0,0,0,0,[]
joyfulhour.net,113,5,114,116,7,"['3.33.130.190', '15.197.148.33', '15.197.148.33', '3.33.130.190', '3.33.130.190', '15.197.148.33', '3.33.130.190', '15.197.148.33', '15.197.148.33', '3.33.130.190']"
bentoncollections.com,111,5,457,119,5,"['23.227.38.32', '23.227.38.32', '23.227.38.32', '23.227.38.32', '23.227.38.32']"
yyfxgzs.com,0,0,0,0,0,[]
bonpost.ru,963,5,656,114,717,"['190.2.148.60', '190.2.148.60', '190.2.148.60', '190.2.148.60', '190.2.148.60']"
notary.net,6,5,6,112,8,"['97.64.129.7', '97.64.129.7', '97.64.129.7', '97.64.129.7', '97.64.129.7']"
yywater.tw,198,5,5,114,3,"['85.187.128.60', '85.187.128.60', '85.187.128.60', '85.187.128.60', '85.187.128.60']"
shopiro.ca,132,5,159,112,4,"['51.222.110.142', '51.222.110.142', '51.222.110.142', '51.222.110.142', '51.222.110.142']"
facetfiez.space,9,5,7,125,4,"['172.67.219.46', '104.21.45.210', '104.21.45.210', '172.67.219.46', '172.67.219.46', '104.21.45.210', '104.21.45.210', '172.67.219.46', '104.21.45.210', '172.67.219.46']"
yztown.vip,11,5,4,112,4,"['199.59.243.223', '199.59.243.223', '199.59.243.223', '199.59.243.223', '199.59.243.223']"
openhealthnews.com,9,5,7,119,140,"['104.21.62.98', '172.67.222.208', '104.21.62.98', '172.67.222.208', '172.67.222.208', '104.21.62.98', '172.67.222.208', '104.21.62.98', '172.67.222.208', '104.21.62.98']"
euniverse.com,0,0,0,199,0,['52.15.96.207']
freestart.hu,192,4,204,113,925,"['161.35.220.214', '161.35.220.214', '161.35.220.214', '161.35.220.214', '161.35.220.214']"
google.com,5,4,4,112,56,"['142.251.128.14', '142.250.218.78', '142.250.219.174', '142.250.65.238', '142.250.219.206']"
youtube.com,4,5,4,111,64,"['142.251.129.206', '142.251.129.238', '142.251.129.174', '142.251.40.206', '142.251.128.142']"
facebook.com,4,5,4,112,6,"['157.240.12.35', '157.240.222.35', '31.13.85.36', '31.13.67.35', '157.240.12.35']"
a-msedge.net,0,0,0,0,0,[]
microsoft.com,4,5,6,113,4,"['20.81.111.85', '20.84.181.62', '20.103.85.33', '20.53.203.50', '20.112.52.29', '20.112.52.29', '20.84.181.62', '20.103.85.33', '20.53.203.50', '20.81.111.85', '20.103.85.33', '20.53.203.50', '20.112.52.29', '20.84.181.62', '20.81.111.85', '20.81.111.85', '20.84.181.62', '20.103.85.33', '20.53.203.50', '20.112.52.29', '20.53.203.50', '20.81.111.85', '20.84.181.62', '20.103.85.33', '20.112.52.29']"
netflix.com,6,4,4,119,7,"['54.237.226.164', '52.3.144.142', '3.230.129.93', '54.160.93.182', '3.211.157.115', '3.225.92.8', '3.211.157.115', '3.225.92.8', '54.160.93.182', '3.225.92.8', '3.211.157.115', '54.160.93.182', '52.3.144.142', '54.237.226.164', '3.230.129.93']"
epicgames.com,5,111,6,116,5,"['3.216.16.195', '54.87.93.14', '34.206.236.114', '44.215.224.99', '52.207.120.16', '3.224.231.164', '52.22.246.29', '52.2.162.131', '34.225.166.220', '52.22.82.88', '3.211.212.74', '3.230.29.161', '34.232.137.100', '34.192.116.37', '52.2.162.131', '34.192.40.46', '34.205.180.101', '54.197.143.69', '34.203.119.126', '34.203.148.103', '54.226.83.163', '34.192.116.37', '3.233.179.35', '52.207.120.16', '54.90.222.114', '3.216.16.195', '34.205.180.101', '18.213.59.57', '3.211.212.74', '44.215.224.99', '174.129.246.223', '34.192.116.37', '34.236.240.206', '54.197.143.69', '107.23.88.204', '174.129.246.223', '3.210.97.92', '3.228.194.172', '3.230.29.161', '34.206.236.114']"
akamaiedge.net,0,0,0,0,0,[]
gtld-servers.net,0,0,0,0,0,[]
twitter.com,6,5,4,113,4,"['104.244.42.193', '104.244.42.65', '104.244.42.129', '104.244.42.1', '104.244.42.65', '104.244.42.129', '104.244.42.1', '104.244.42.193', '104.244.42.65', '104.244.42.129', '104.244.42.193']"
instagram.com,7,5,5,112,46,"['157.240.12.174', '157.240.226.174', '157.240.12.174', '31.13.71.174', '157.240.12.174']"
baidu.com,4,4,4,113,4,"['39.156.66.10', '110.242.68.66', '39.156.66.10', '110.242.68.66', '39.156.66.10', '110.242.68.66', '39.156.66.10', '110.242.68.66', '110.242.68.66', '39.156.66.10']"
amazonaws.com,4,4,4,113,4,"['72.21.206.80', '72.21.210.29', '207.171.166.22', '72.21.210.29', '207.171.166.22', '72.21.206.80', '72.21.210.29', '72.21.206.80', '207.171.166.22', '72.21.206.80', '207.171.166.22', '72.21.210.29', '72.21.210.29', '207.171.166.22', '72.21.206.80']"
apple.com,4,4,4,113,4,"['17.253.144.10', '17.253.144.10', '17.253.144.10', '17.253.144.10', '17.253.144.10']"
linkedin.com,5,5,4,112,6,"['13.107.42.14', '13.107.42.14', '13.107.42.14', '13.107.42.14', '13.107.42.14']"
cloudflare.com,7,5,4,113,4,"['104.16.132.229', '104.16.133.229', '104.16.132.229', '104.16.133.229', '104.16.132.229', '104.16.133.229', '104.16.133.229', '104.16.132.229', '104.16.133.229', '104.16.132.229']"
wikipedia.org,5,5,4,112,4,"['208.80.154.224', '208.80.154.224', '208.80.154.224', '208.80.154.224', '208.80.154.224']"
yahoo.com,4,5,7,114,5,"['98.137.11.163', '74.6.143.25', '54.161.105.65', '98.137.11.164', '34.225.127.72', '74.6.231.21', '74.6.231.20', '74.6.143.26', '74.6.143.26', '98.137.11.163', '74.6.143.25', '34.225.127.72', '98.137.11.164', '54.161.105.65', '74.6.231.20', '74.6.231.21', '74.6.143.26', '74.6.231.21', '34.225.127.72', '98.137.11.164', '74.6.143.25', '98.137.11.163', '54.161.105.65', '74.6.231.20', '74.6.143.25', '98.137.11.163', '54.161.105.65', '74.6.231.20', '34.225.127.72', '74.6.143.26', '74.6.231.21', '98.137.11.164', '98.137.11.163', '98.137.11.164', '34.225.127.72', '54.161.105.65', '74.6.143.25', '74.6.143.26', '74.6.231.20', '74.6.231.21']"
qq.com,181,6,4,113,346,"['123.151.137.18', '61.129.7.47', '183.3.226.35', '203.205.254.157', '183.3.226.35', '203.205.254.157', '123.151.137.18', '61.129.7.47', '61.129.7.47', '183.3.226.35', '123.151.137.18', '203.205.254.157', '61.129.7.47', '183.3.226.35', '203.205.254.157', '123.151.137.18', '183.3.226.35', '203.205.254.157', '61.129.7.47', '123.151.137.18']"
akamai.net,0,0,0,0,0,[]
domain1.tche.br,20,5,23,114,131,"['200.132.0.156', '200.132.0.156', '200.132.0.156', '200.132.0.156', '200.132.0.156']"
domain2.tche.br,24,5,4,113,132,"['200.132.0.156', '200.132.0.156', '200.132.0.156', '200.132.0.156', '200.132.0.156']"
domain3.tche.br,27,7,62,113,331,"['200.132.0.156', '200.132.0.156', '200.132.0.156', '200.132.0.156', '200.132.0.156']"
domain4.tche.br,24,9,68,260,232,"['200.132.0.156', '200.132.0.156', '200.132.0.156', '200.132.0.156', '200.132.0.156']"
domain5.tche.br,26,5,65,115,131,"['200.132.0.156', '200.132.0.156', '200.132.0.156', '200.132.0.156', '200.132.0.156']"
domain6.tche.br,24,7,65,113,125,"['200.132.0.156', '200.132.0.156', '200.132.0.156', '200.132.0.156', '200.132.0.156']"
domain7.tche.br,28,8,59,114,330,"['200.132.0.156', '200.132.0.156', '200.132.0.156', '200.132.0.156', '200.132.0.156']"
domain8.tche.br,27,4,62,114,126,"['200.132.0.156', '200.132.0.156', '200.132.0.156', '200.132.0.156', '200.132.0.156']"
domain9.tche.br,24,6,60,113,525,"['200.132.0.156', '200.132.0.156', '200.132.0.156', '200.132.0.156', '200.132.0.156']"
domain10.tche.br,23,5,61,262,130,"['200.132.0.156', '200.132.0.156', '200.132.0.156', '200.132.0.156', '200.132.0.156']"
domain11.tche.br,20,5,87,112,6,"['200.132.0.156', '200.132.0.156', '200.132.0.156', '200.132.0.156', '200.132.0.156']"
domain12.tche.br,24,5,61,113,4,"['200.132.0.156', '200.132.0.156', '200.132.0.156', '200.132.0.156', '200.132.0.156']"
domain13.tche.br,22,5,60,113,4,"['200.132.0.156', '200.132.0.156', '200.132.0.156', '200.132.0.156', '200.132.0.156']"
domain14.tche.br,22,5,61,114,4,"['200.132.0.156', '200.132.0.156', '200.132.0.156', '200.132.0.156', '200.132.0.156']"
domain15.tche.br,4,5,137,259,4,"['200.132.0.156', '200.132.0.156', '200.132.0.156', '200.132.0.156', '200.132.0.156']"
domain16.tche.br,22,5,5,113,4,"['200.132.0.156', '200.132.0.156', '200.132.0.156', '200.132.0.156', '200.132.0.156']"
domain17.tche.br,27,6,60,114,4,"['200.132.0.156', '200.132.0.156', '200.132.0.156', '200.132.0.156', '200.132.0.156']"
domain18.tche.br,24,5,60,112,4,"['200.132.0.156', '200.132.0.156', '200.132.0.156', '200.132.0.156', '200.132.0.156']"
domain19.tche.br,24,5,61,113,4,"['200.132.0.156', '200.132.0.156', '200.132.0.156', '200.132.0.156', '200.132.0.156']"
domain20.tche.br,5,5,5,113,5,"['200.132.0.156', '200.132.0.156', '200.132.0.156', '200.132.0.156', '200.132.0.156']"
tabsite.com,125,5,125,132,325,"['142.93.245.3', '142.93.245.3', '142.93.245.3', '142.93.245.3', '142.93.245.3']"
yuukagetsu.com,270,5,4,281,4,"['153.127.214.195', '153.127.214.195', '153.127.214.195', '153.127.214.195', '153.127.214.195']"
kafene.com,8,4,6,112,11,"['104.21.46.126', '172.67.139.4', '104.21.46.126', '172.67.139.4', '104.21.46.126', '172.67.139.4', '172.67.139.4', '104.21.46.126', '104.21.46.126', '172.67.139.4']"
yuzu-tosou.com,269,6,631,112,3,"['183.181.82.28', '183.181.82.28', '183.181.82.28', '183.181.82.28', '183.181.82.28']"
lotzadollars.com,115,6,498,112,447,"['64.59.81.118', '64.59.81.118', '64.59.81.118', '64.59.81.118', '64.59.81.118']"
ywproperty.com,112,8,114,121,4,"['192.124.249.179', '192.124.249.179', '192.124.249.179', '192.124.249.179', '192.124.249.179']"
yxbabe.com,343,6,356,112,1912,"['47.108.200.10', '47.108.200.10', '47.108.200.10', '47.108.200.10', '47.108.200.10']"
gtd4xzbo4mycmst.com,0,0,0,0,0,[]
joyfulhour.net,111,5,225,113,7,"['3.33.130.190', '15.197.148.33', '15.197.148.33', '3.33.130.190', '3.33.130.190', '15.197.148.33', '3.33.130.190', '15.197.148.33', '3.33.130.190', '15.197.148.33']"
bentoncollections.com,112,7,265,112,5,"['23.227.38.32', '23.227.38.32', '23.227.38.32', '23.227.38.32', '23.227.38.32']"
yyfxgzs.com,0,0,0,0,0,[]
bonpost.ru,232,24,741,271,3,"['190.2.148.60', '190.2.148.60', '190.2.148.60', '190.2.148.60', '190.2.148.60']"
notary.net,7,5,7,124,8,"['97.64.129.7', '97.64.129.7', '97.64.129.7', '97.64.129.7', '97.64.129.7']"
yywater.tw,61,4,301,112,235,"['85.187.128.60', '85.187.128.60', '85.187.128.60', '85.187.128.60', '85.187.128.60']"
shopiro.ca,5,4,131,121,4,"['51.222.110.142', '51.222.110.142', '51.222.110.142', '51.222.110.142', '51.222.110.142']"
facetfiez.space,13,4,9,113,122,"['104.21.45.210', '172.67.219.46', '104.21.45.210', '172.67.219.46', '104.21.45.210', '172.67.219.46', '104.21.45.210', '172.67.219.46', '172.67.219.46', '104.21.45.210']"
yztown.vip,121,5,10,112,4,"['199.59.243.223', '199.59.243.223', '199.59.243.223', '199.59.243.223', '199.59.243.223']"
openhealthnews.com,8,4,6,111,11,"['104.21.62.98', '172.67.222.208', '104.21.62.98', '172.67.222.208', '104.21.62.98', '172.67.222.208', '172.67.222.208', '104.21.62.98', '172.67.222.208', '104.21.62.98']"
euniverse.com,0,0,0,112,0,['52.15.96.207']
freestart.hu,160,6,132,192,923,"['161.35.220.214', '161.35.220.214', '161.35.220.214', '161.35.220.214', '161.35.220.214']"
google.com,4,5,4,112,60,"['142.251.128.14', '142.251.129.110', '142.250.219.206', '142.250.64.110', '142.250.219.206']"
youtube.com,54,6,4,112,59,"['142.251.128.142', '142.251.129.238', '142.251.128.142', '142.251.41.14', '142.251.128.142']"
facebook.com,7,5,4,111,6,"['157.240.12.35', '157.240.222.35', '157.240.12.35', '31.13.67.35', '157.240.12.35']"
a-msedge.net,0,0,0,0,0,[]
microsoft.com,4,5,4,112,4,"['20.81.111.85', '20.84.181.62', '20.103.85.33', '20.53.203.50', '20.112.52.29', '20.112.52.29', '20.84.181.62', '20.103.85.33', '20.53.203.50', '20.81.111.85', '20.112.52.29', '20.53.203.50', '20.103.85.33', '20.81.111.85', '20.84.181.62', '20.81.111.85', '20.84.181.62', '20.103.85.33', '20.53.203.50', '20.112.52.29', '20.84.181.62', '20.103.85.33', '20.112.52.29', '20.53.203.50', '20.81.111.85']"
netflix.com,4,5,4,113,6,"['52.3.144.142', '54.237.226.164', '3.230.129.93', '52.3.144.142', '3.230.129.93', '54.237.226.164', '3.225.92.8', '54.160.93.182', '3.211.157.115', '52.3.144.142', '54.237.226.164', '3.230.129.93', '3.230.129.93', '52.3.144.142', '54.237.226.164']"
epicgames.com,4,5,4,122,5,"['34.192.116.37', '18.232.4.194', '3.211.212.74', '3.216.16.195', '3.224.229.142', '54.197.143.69', '34.192.40.46', '54.89.15.95', '34.225.166.220', '52.22.82.88', '3.211.212.74', '3.230.29.161', '34.232.137.100', '34.192.116.37', '52.2.162.131', '34.192.40.46', '34.203.119.126', '3.224.231.164', '3.230.29.161', '34.192.116.37', '54.235.191.8', '23.20.205.194', '54.90.222.114', '34.193.109.40', '34.203.119.126', '52.22.82.88', '54.235.191.8', '34.236.240.206', '35.169.142.199', '3.211.212.74', '54.89.15.95', '34.225.166.220', '3.223.206.124', '3.228.194.172', '3.230.29.161', '34.205.180.101', '34.206.236.114', '34.236.240.206', '35.169.142.199', '3.211.212.74']"
akamaiedge.net,0,0,0,0,0,[]
gtld-servers.net,0,0,0,0,0,[]
twitter.com,6,5,4,114,4,"['104.244.42.129', '104.244.42.65', '104.244.42.129', '104.244.42.1', '104.244.42.193', '104.244.42.1', '104.244.42.129', '104.244.42.1']"
instagram.com,8,4,4,112,5,"['157.240.12.174', '157.240.222.174', '157.240.226.174', '31.13.71.174', '157.240.12.174']"
baidu.com,4,5,4,114,6,"['110.242.68.66', '39.156.66.10', '39.156.66.10', '110.242.68.66', '110.242.68.66', '39.156.66.10', '39.156.66.10', '110.242.68.66', '39.156.66.10', '110.242.68.66']"
amazonaws.com,4,5,3,112,4,"['72.21.210.29', '72.21.206.80', '207.171.166.22', '72.21.210.29', '207.171.166.22', '72.21.206.80', '72.21.206.80', '72.21.210.29', '207.171.166.22', '72.21.206.80', '207.171.166.22', '72.21.210.29', '72.21.206.80', '72.21.210.29', '207.171.166.22']"
apple.com,4,5,4,114,4,"['17.253.144.10', '17.253.144.10', '17.253.144.10', '17.253.144.10', '17.253.144.10']"
linkedin.com,66,5,4,113,5,"['13.107.42.14', '13.107.42.14', '13.107.42.14', '13.107.42.14', '13.107.42.14']"
cloudflare.com,5,4,4,113,4,"['104.16.133.229', '104.16.132.229', '104.16.132.229', '104.16.133.229', '104.16.132.229', '104.16.133.229', '104.16.133.229', '104.16.132.229', '104.16.132.229', '104.16.133.229']"
wikipedia.org,118,5,4,112,139,"['208.80.154.224', '208.80.154.224', '208.80.154.224', '208.80.154.224', '208.80.154.224']"
yahoo.com,4,5,5,116,4,"['98.137.11.163', '98.137.11.164', '34.225.127.72', '54.161.105.65', '74.6.143.25', '74.6.231.20', '74.6.231.21', '74.6.143.26', '74.6.143.26', '98.137.11.163', '74.6.143.25', '34.225.127.72', '98.137.11.164', '54.161.105.65', '74.6.231.20', '74.6.231.21', '74.6.143.26', '98.137.11.164', '74.6.143.25', '98.137.11.163', '74.6.231.21', '54.161.105.65', '34.225.127.72', '74.6.231.20', '74.6.143.26', '74.6.231.21', '34.225.127.72', '74.6.231.20', '98.137.11.164', '98.137.11.163', '74.6.143.25', '54.161.105.65', '54.161.105.65', '74.6.143.25', '74.6.143.26', '74.6.231.20', '74.6.231.21', '98.137.11.163', '98.137.11.164', '34.225.127.72']"
qq.com,338,4,5,113,4,"['183.3.226.35', '203.205.254.157', '123.151.137.18', '61.129.7.47', '183.3.226.35', '203.205.254.157', '123.151.137.18', '61.129.7.47', '123.151.137.18', '61.129.7.47', '203.205.254.157', '183.3.226.35', '61.129.7.47', '183.3.226.35', '203.205.254.157', '123.151.137.18', '183.3.226.35', '203.205.254.157', '61.129.7.47', '123.151.137.18']"
akamai.net,0,0,0,0,0,[]
domain1.tche.br,4,5,4,261,527,"['200.132.0.156', '200.132.0.156', '200.132.0.156', '200.132.0.156', '200.132.0.156']"
domain2.tche.br,4,4,61,113,232,"['200.132.0.156', '200.132.0.156', '200.132.0.156', '200.132.0.156', '200.132.0.156']"
domain3.tche.br,25,5,60,114,131,"['200.132.0.156', '200.132.0.156', '200.132.0.156', '200.132.0.156', '200.132.0.156']"
domain4.tche.br,24,9,105,113,126,"['200.132.0.156', '200.132.0.156', '200.132.0.156', '200.132.0.156', '200.132.0.156']"
domain5.tche.br,5,5,103,114,5,"['200.132.0.156', '200.132.0.156', '200.132.0.156', '200.132.0.156', '200.132.0.156']"
domain6.tche.br,21,4,23,114,676,"['200.132.0.156', '200.132.0.156', '200.132.0.156', '200.132.0.156', '200.132.0.156']"
domain7.tche.br,23,6,22,259,5,"['200.132.0.156', '200.132.0.156', '200.132.0.156', '200.132.0.156', '200.132.0.156']"
domain8.tche.br,4,5,108,113,225,"['200.132.0.156', '200.132.0.156', '200.132.0.156', '200.132.0.156', '200.132.0.156']"
domain9.tche.br,22,5,22,113,326,"['200.132.0.156', '200.132.0.156', '200.132.0.156', '200.132.0.156', '200.132.0.156']"
domain10.tche.br,22,5,22,114,130,"['200.132.0.156', '200.132.0.156', '200.132.0.156', '200.132.0.156', '200.132.0.156']"
domain11.tche.br,26,5,5,112,4,"['200.132.0.156', '200.132.0.156', '200.132.0.156', '200.132.0.156', '200.132.0.156']"
domain12.tche.br,5,5,22,113,4,"['200.132.0.156', '200.132.0.156', '200.132.0.156', '200.132.0.156', '200.132.0.156']"
domain13.tche.br,5,4,4,113,4,"['200.132.0.156', '200.132.0.156', '200.132.0.156', '200.132.0.156', '200.132.0.156']"
domain14.tche.br,25,5,22,113,4,"['200.132.0.156', '200.132.0.156', '200.132.0.156', '200.132.0.156', '200.132.0.156']"
domain15.tche.br,26,5,62,113,4,"['200.132.0.156', '200.132.0.156', '200.132.0.156', '200.132.0.156', '200.132.0.156']"
domain16.tche.br,23,5,61,113,4,"['200.132.0.156', '200.132.0.156', '200.132.0.156', '200.132.0.156', '200.132.0.156']"
domain17.tche.br,24,5,22,114,4,"['200.132.0.156', '200.132.0.156', '200.132.0.156', '200.132.0.156', '200.132.0.156']"
domain18.tche.br,24,4,65,115,3,"['200.132.0.156', '200.132.0.156', '200.132.0.156', '200.132.0.156', '200.132.0.156']"
domain19.tche.br,23,7,23,113,4,"['200.132.0.156', '200.132.0.156', '200.132.0.156', '200.132.0.156', '200.132.0.156']"
domain20.tche.br,24,5,4,113,6,"['200.132.0.156', '200.132.0.156', '200.132.0.156', '200.132.0.156', '200.132.0.156']"
tabsite.com,126,4,126,112,350,"['142.93.245.3', '142.93.245.3', '142.93.245.3', '142.93.245.3', '142.93.245.3']"
yuukagetsu.com,267,5,1211,112,475,"['153.127.214.195', '153.127.214.195', '153.127.214.195', '153.127.214.195', '153.127.214.195']"
kafene.com,9,5,6,113,11,"['172.67.139.4', '104.21.46.126', '104.21.46.126', '172.67.139.4', '104.21.46.126', '172.67.139.4', '104.21.46.126', '172.67.139.4', '172.67.139.4', '104.21.46.126']"
yuzu-tosou.com,5,5,4,112,1500,"['183.181.82.28', '183.181.82.28', '183.181.82.28', '183.181.82.28', '183.181.82.28']"
lotzadollars.com,113,8,238,149,445,"['64.59.81.118', '64.59.81.118', '64.59.81.118', '64.59.81.118', '64.59.81.118']"
ywproperty.com,113,6,114,112,4,"['192.124.249.179', '192.124.249.179', '192.124.249.179', '192.124.249.179', '192.124.249.179']"
yxbabe.com,4,4,350,115,4018,"['47.108.200.10', '47.108.200.10', '47.108.200.10', '47.108.200.10', '47.108.200.10']"
gtd4xzbo4mycmst.com,0,0,0,0,0,[]
joyfulhour.net,111,5,115,113,6,"['3.33.130.190', '15.197.148.33', '15.197.148.33', '3.33.130.190', '3.33.130.190', '15.197.148.33', '3.33.130.190', '15.197.148.33', '3.33.130.190', '15.197.148.33']"
bentoncollections.com,111,5,487,116,5,"['23.227.38.32', '23.227.38.32', '23.227.38.32', '23.227.38.32', '23.227.38.32']"
yyfxgzs.com,0,0,0,0,0,[]
bonpost.ru,364,6,1054,112,4,"['190.2.148.60', '190.2.148.60', '190.2.148.60', '190.2.148.60', '190.2.148.60']"
notary.net,8,4,346,112,9,"['97.64.129.7', '97.64.129.7', '97.64.129.7', '97.64.129.7', '97.64.129.7']"
yywater.tw,283,5,177,112,4,"['85.187.128.60', '85.187.128.60', '85.187.128.60', '85.187.128.60', '85.187.128.60']"
shopiro.ca,135,5,5,112,5,"['51.222.110.142', '51.222.110.142', '51.222.110.142', '51.222.110.142', '51.222.110.142']"
facetfiez.space,7,5,5,114,122,"['172.67.219.46', '104.21.45.210', '104.21.45.210', '172.67.219.46', '172.67.219.46', '104.21.45.210', '104.21.45.210', '172.67.219.46', '172.67.219.46', '104.21.45.210']"
yztown.vip,5,5,9,113,4,"['199.59.243.223', '199.59.243.223', '199.59.243.223', '199.59.243.223', '199.59.243.223']"
openhealthnews.com,9,5,6,112,141,"['104.21.62.98', '172.67.222.208', '104.21.62.98', '172.67.222.208', '172.67.222.208', '104.21.62.98', '172.67.222.208', '104.21.62.98', '172.67.222.208', '104.21.62.98']"
euniverse.com,0,0,0,112,0,['52.15.96.207']
freestart.hu,162,300,132,112,726,"['161.35.220.214', '161.35.220.214', '161.35.220.214', '161.35.220.214', '161.35.220.214']"
google.com,59,5,4,112,60,"['142.250.219.206', '142.251.129.110', '142.250.219.174', '142.250.80.46', '142.250.219.206']"
youtube.com,4,5,4,112,4,"['142.250.219.46', '142.251.129.238', '142.251.129.174', '142.251.41.14', '142.251.128.142']"
facebook.com,8,5,3,112,6,"['157.240.12.35', '157.240.222.35', '31.13.85.36', '31.13.67.35', '157.240.12.35']"
a-msedge.net,0,0,0,0,0,[]
microsoft.com,4,4,3,113,5,"['20.81.111.85', '20.84.181.62', '20.103.85.33', '20.53.203.50', '20.112.52.29', '20.112.52.29', '20.84.181.62', '20.103.85.33', '20.53.203.50', '20.81.111.85', '20.53.203.50', '20.81.111.85', '20.84.181.62', '20.112.52.29', '20.103.85.33', '20.81.111.85', '20.84.181.62', '20.103.85.33', '20.53.203.50', '20.112.52.29', '20.81.111.85', '20.84.181.62', '20.103.85.33', '20.112.52.29', '20.53.203.50']"
netflix.com,5,5,4,113,7,"['54.237.226.164', '52.3.144.142', '3.230.129.93', '52.3.144.142', '3.230.129.93', '54.237.226.164', '3.211.157.115', '54.160.93.182', '3.225.92.8', '52.3.144.142', '54.237.226.164', '3.230.129.93', '3.211.157.115', '3.225.92.8', '54.160.93.182']"
epicgames.com,4,6,4,113,7,"['23.20.205.194', '54.226.83.163', '3.216.16.195', '54.235.191.8', '34.193.142.121', '18.232.4.194', '18.213.59.57', '52.86.209.73', '34.225.166.220', '52.22.82.88', '3.211.212.74', '3.230.29.161', '34.232.137.100', '34.192.116.37', '52.2.162.131', '34.192.40.46', '34.192.40.46', '54.210.212.240', '52.22.246.29', '3.86.126.224', '52.86.209.73', '3.211.207.12', '3.230.29.161', '174.129.246.223', '34.203.119.126', '52.22.82.88', '54.235.191.8', '34.236.240.206', '35.169.142.199', '3.211.212.74', '54.89.15.95', '34.225.166.220', '34.206.236.114', '34.236.240.206', '54.87.93.14', '54.157.155.117', '54.235.191.8', '3.210.115.173', '3.224.229.142', '34.193.142.121']"
akamaiedge.net,0,0,0,0,0,[]
gtld-servers.net,0,0,0,0,0,[]
twitter.com,4,14,4,114,4,"['104.244.42.129', '104.244.42.65', '104.244.42.129', '104.244.42.1', '104.244.42.193', '104.244.42.65', '104.244.42.129', '104.244.42.193', '104.244.42.1', '104.244.42.129', '104.244.42.1', '104.244.42.65', '104.244.42.129', '104.244.42.193']"
instagram.com,8,5,5,112,6,"['157.240.12.174', '157.240.222.174', '157.240.12.174', '31.13.71.174', '157.240.12.174']"
baidu.com,3,4,4,114,4,"['39.156.66.10', '110.242.68.66', '39.156.66.10', '110.242.68.66', '39.156.66.10', '110.242.68.66', '39.156.66.10', '110.242.68.66', '110.242.68.66', '39.156.66.10']"
amazonaws.com,4,5,4,112,4,"['207.171.166.22', '72.21.206.80', '72.21.210.29', '72.21.210.29', '207.171.166.22', '72.21.206.80', '207.171.166.22', '72.21.210.29', '72.21.206.80', '72.21.206.80', '207.171.166.22', '72.21.210.29', '207.171.166.22', '72.21.206.80', '72.21.210.29']"
apple.com,4,4,4,113,4,"['17.253.144.10', '17.253.144.10', '17.253.144.10', '17.253.144.10', '17.253.144.10']"
linkedin.com,7,5,3,111,4,"['13.107.42.14', '13.107.42.14', '13.107.42.14', '13.107.42.14', '13.107.42.14']"
cloudflare.com,8,5,5,112,4,"['104.16.132.229', '104.16.133.229', '104.16.132.229', '104.16.133.229', '104.16.133.229', '104.16.132.229', '104.16.133.229', '104.16.132.229', '104.16.132.229', '104.16.133.229']"
wikipedia.org,151,5,4,112,142,"['208.80.154.224', '208.80.154.224', '208.80.154.224', '208.80.154.224', '208.80.154.224']"
yahoo.com,4,5,4,115,4,"['74.6.231.21', '34.225.127.72', '74.6.143.26', '54.161.105.65', '74.6.143.25', '98.137.11.163', '98.137.11.164', '74.6.231.20', '74.6.143.26', '98.137.11.163', '74.6.143.25', '34.225.127.72', '98.137.11.164', '54.161.105.65', '74.6.231.20', '74.6.231.21', '74.6.143.25', '74.6.231.20', '34.225.127.72', '54.161.105.65', '98.137.11.163', '74.6.231.21', '74.6.143.26', '98.137.11.164', '74.6.143.26', '74.6.231.21', '34.225.127.72', '74.6.231.20', '98.137.11.164', '98.137.11.163', '74.6.143.25', '54.161.105.65', '74.6.231.21', '98.137.11.163', '98.137.11.164', '34.225.127.72', '54.161.105.65', '74.6.143.25', '74.6.143.26', '74.6.231.20']"
qq.com,5,5,5,113,546,"['61.129.7.47', '183.3.226.35', '203.205.254.157', '123.151.137.18', '183.3.226.35', '203.205.254.157', '123.151.137.18', '61.129.7.47', '123.151.137.18', '183.3.226.35', '61.129.7.47', '203.205.254.157', '183.3.226.35', '203.205.254.157', '123.151.137.18', '61.129.7.47', '61.129.7.47', '123.151.137.18', '183.3.226.35', '203.205.254.157']"
akamai.net,0,0,0,0,0,[]
domain1.tche.br,23,4,63,114,275,"['200.132.0.156', '200.132.0.156', '200.132.0.156', '200.132.0.156', '200.132.0.156']"
domain2.tche.br,4,5,22,113,125,"['200.132.0.156', '200.132.0.156', '200.132.0.156', '200.132.0.156', '200.132.0.156']"
domain3.tche.br,4,6,62,112,125,"['200.132.0.156', '200.132.0.156', '200.132.0.156', '200.132.0.156', '200.132.0.156']"
domain4.tche.br,27,5,65,113,126,"['200.132.0.156', '200.132.0.156', '200.132.0.156', '200.132.0.156', '200.132.0.156']"
domain5.tche.br,22,5,23,123,568,"['200.132.0.156', '200.132.0.156', '200.132.0.156', '200.132.0.156', '200.132.0.156']"
domain6.tche.br,5,5,61,113,4,"['200.132.0.156', '200.132.0.156', '200.132.0.156', '200.132.0.156', '200.132.0.156']"
domain7.tche.br,23,5,63,114,226,"['200.132.0.156', '200.132.0.156', '200.132.0.156', '200.132.0.156', '200.132.0.156']"
domain8.tche.br,25,4,105,113,131,"['200.132.0.156', '200.132.0.156', '200.132.0.156', '200.132.0.156', '200.132.0.156']"
domain9.tche.br,6,5,5,113,126,"['200.132.0.156', '200.132.0.156', '200.132.0.156', '200.132.0.156', '200.132.0.156']"
domain10.tche.br,4,5,104,113,130,"['200.132.0.156', '200.132.0.156', '200.132.0.156', '200.132.0.156', '200.132.0.156']"
domain11.tche.br,4,5,63,112,4,"['200.132.0.156', '200.132.0.156', '200.132.0.156', '200.132.0.156', '200.132.0.156']"
domain12.tche.br,22,6,5,264,4,"['200.132.0.156', '200.132.0.156', '200.132.0.156', '200.132.0.156', '200.132.0.156']"
domain13.tche.br,23,5,5,113,4,"['200.132.0.156', '200.132.0.156', '200.132.0.156', '200.132.0.156', '200.132.0.156']"
domain14.tche.br,4,6,23,263,4,"['200.132.0.156', '200.132.0.156', '200.132.0.156', '200.132.0.156', '200.132.0.156']"
domain15.tche.br,26,5,23,114,4,"['200.132.0.156', '200.132.0.156', '200.132.0.156', '200.132.0.156', '200.132.0.156']"
domain16.tche.br,23,5,5,114,4,"['200.132.0.156', '200.132.0.156', '200.132.0.156', '200.132.0.156', '200.132.0.156']"
domain17.tche.br,25,5,5,114,4,"['200.132.0.156', '200.132.0.156', '200.132.0.156', '200.132.0.156', '200.132.0.156']"
domain18.tche.br,5,4,4,112,5,"['200.132.0.156', '200.132.0.156', '200.132.0.156', '200.132.0.156', '200.132.0.156']"
domain19.tche.br,5,5,4,114,5,"['200.132.0.156', '200.132.0.156', '200.132.0.156', '200.132.0.156', '200.132.0.156']"
domain20.tche.br,5,5,5,115,4,"['200.132.0.156', '200.132.0.156', '200.132.0.156', '200.132.0.156', '200.132.0.156']"
tabsite.com,4,4,126,112,222,"['142.93.245.3', '142.93.245.3', '142.93.245.3', '142.93.245.3', '142.93.245.3']"
yuukagetsu.com,268,5,744,112,587,"['153.127.214.195', '153.127.214.195', '153.127.214.195', '153.127.214.195', '153.127.214.195']"
kafene.com,4,4,6,111,116,"['104.21.46.126', '172.67.139.4', '104.21.46.126', '172.67.139.4', '104.21.46.126', '172.67.139.4', '172.67.139.4', '104.21.46.126', '172.67.139.4', '104.21.46.126']"
yuzu-tosou.com,273,6,953,113,4,"['183.181.82.28', '183.181.82.28', '183.181.82.28', '183.181.82.28', '183.181.82.28']"
lotzadollars.com,4,5,318,112,4,"['64.59.81.118', '64.59.81.118', '64.59.81.118', '64.59.81.118', '64.59.81.118']"
ywproperty.com,113,5,4,119,4,"['192.124.249.179', '192.124.249.179', '192.124.249.179', '192.124.249.179', '192.124.249.179']"
yxbabe.com,4,5,643,112,4027,"['47.108.200.10', '47.108.200.10', '47.108.200.10', '47.108.200.10', '47.108.200.10']"
gtd4xzbo4mycmst.com,0,0,0,0,0,[]
joyfulhour.net,113,5,359,113,118,"['3.33.130.190', '15.197.148.33', '15.197.148.33', '3.33.130.190', '3.33.130.190', '15.197.148.33', '3.33.130.190', '15.197.148.33', '3.33.130.190', '15.197.148.33']"
bentoncollections.com,5,6,114,113,113,"['23.227.38.32', '23.227.38.32', '23.227.38.32', '23.227.38.32', '23.227.38.32']"
yyfxgzs.com,0,0,0,0,0,[]
bonpost.ru,459,4,5,112,4,"['190.2.148.60', '190.2.148.60', '190.2.148.60', '190.2.148.60', '190.2.148.60']"
notary.net,5,4,205,112,4,"['97.64.129.7', '97.64.129.7', '97.64.129.7', '97.64.129.7', '97.64.129.7']"
yywater.tw,357,6,5,111,4,"['85.187.128.60', '85.187.128.60', '85.187.128.60', '85.187.128.60', '85.187.128.60']"
shopiro.ca,4,5,318,113,425,"['51.222.110.142', '51.222.110.142', '51.222.110.142', '51.222.110.142', '51.222.110.142']"
facetfiez.space,4,5,7,112,4,"['104.21.45.210', '172.67.219.46', '104.21.45.210', '172.67.219.46', '104.21.45.210', '172.67.219.46', '104.21.45.210', '172.67.219.46', '172.67.219.46', '104.21.45.210']"
yztown.vip,121,5,5,112,4,"['199.59.243.223', '199.59.243.223', '199.59.243.223', '199.59.243.223', '199.59.243.223']"
openhealthnews.com,4,5,6,112,119,"['104.21.62.98', '172.67.222.208', '104.21.62.98', '172.67.222.208', '104.21.62.98', '172.67.222.208', '172.67.222.208', '104.21.62.98', '104.21.62.98', '172.67.222.208']"
euniverse.com,0,0,0,112,0,['52.15.96.207']
freestart.hu,170,5,6,113,1123,"['161.35.220.214', '161.35.220.214', '161.35.220.214', '161.35.220.214', '161.35.220.214']"
google.com,5,5,4,112,58,"['142.251.128.14', '142.251.129.110', '142.251.129.238', '142.250.81.238', '142.250.219.206']"
youtube.com,59,5,4,112,4,"['142.251.128.142', '142.251.129.238', '142.250.219.238', '142.251.41.14', '142.251.128.142']"
facebook.com,4,5,4,112,45,"['157.240.12.35', '157.240.222.35', '157.240.226.35', '157.240.241.35', '157.240.12.35']"
a-msedge.net,0,0,0,0,0,[]
microsoft.com,4,5,4,112,5,"['20.81.111.85', '20.84.181.62', '20.103.85.33', '20.53.203.50', '20.112.52.29', '20.112.52.29', '20.84.181.62', '20.103.85.33', '20.53.203.50', '20.81.111.85', '20.53.203.50', '20.84.181.62', '20.81.111.85', '20.103.85.33', '20.112.52.29', '20.81.111.85', '20.84.181.62', '20.103.85.33', '20.53.203.50', '20.112.52.29', '20.53.203.50', '20.81.111.85', '20.84.181.62', '20.103.85.33', '20.112.52.29']"
netflix.com,6,5,5,112,6,"['3.211.157.115', '3.225.92.8', '54.160.93.182', '3.225.92.8', '3.211.157.115', '54.160.93.182', '3.230.129.93', '54.237.226.164', '52.3.144.142', '52.3.144.142', '3.230.129.93', '54.237.226.164', '52.3.144.142', '54.237.226.164', '3.230.129.93']"
epicgames.com,5,6,4,122,9,"['3.228.194.172', '18.232.4.194', '34.193.142.121', '54.157.155.117', '3.208.225.137', '3.233.179.35', '3.224.229.142', '3.210.97.92', '3.210.97.92', '52.22.246.29', '174.129.246.223', '54.87.93.14', '3.216.16.195', '34.192.116.37', '34.236.240.206', '34.206.236.114', '107.23.88.204', '54.226.83.163', '54.197.143.69', '3.224.231.164', '34.232.137.100', '34.236.240.206', '3.210.115.173', '52.2.162.131', '35.169.142.199', '54.157.155.117', '34.225.166.220', '107.23.88.204', '3.230.29.161', '34.193.142.121', '52.22.246.29', '18.232.4.194', '44.215.224.99', '54.90.222.114', '54.157.155.117', '3.210.97.92', '3.211.212.74', '3.216.16.195', '3.224.231.164', '34.225.166.220']"
akamaiedge.net,0,0,0,0,0,[]
gtld-servers.net,0,0,0,0,0,[]
twitter.com,4,4,4,114,4,"['104.244.42.129', '104.244.42.193', '104.244.42.1', '104.244.42.65', '104.244.42.65', '104.244.42.129', '104.244.42.1', '104.244.42.193', '104.244.42.129', '104.244.42.1', '104.244.42.193', '104.244.42.65', '104.244.42.129', '104.244.42.1']"
instagram.com,8,5,4,112,6,"['157.240.12.174', '157.240.222.174', '157.240.12.174', '31.13.71.174', '157.240.12.174']"
baidu.com,3,5,4,113,8,"['39.156.66.10', '110.242.68.66', '39.156.66.10', '110.242.68.66', '39.156.66.10', '110.242.68.66', '39.156.66.10', '110.242.68.66', '110.242.68.66', '39.156.66.10']"
amazonaws.com,3,5,4,115,4,"['72.21.210.29', '72.21.206.80', '207.171.166.22', '72.21.210.29', '207.171.166.22', '72.21.206.80', '72.21.210.29', '207.171.166.22', '72.21.206.80', '207.171.166.22', '72.21.210.29', '72.21.206.80', '72.21.210.29', '207.171.166.22', '72.21.206.80']"
apple.com,4,5,4,114,4,"['17.253.144.10', '17.253.144.10', '17.253.144.10', '17.253.144.10', '17.253.144.10']"
linkedin.com,8,7,4,112,13,"['13.107.42.14', '13.107.42.14', '13.107.42.14', '13.107.42.14', '13.107.42.14']"
cloudflare.com,4,5,5,112,4,"['104.16.132.229', '104.16.133.229', '104.16.132.229', '104.16.133.229', '104.16.133.229', '104.16.132.229', '104.16.133.229', '104.16.132.229', '104.16.133.229', '104.16.132.229']"
wikipedia.org,202,5,4,112,194,"['208.80.154.224', '208.80.154.224', '208.80.154.224', '208.80.154.224', '208.80.154.224']"
yahoo.com,4,5,4,114,5,"['74.6.143.26', '98.137.11.163', '34.225.127.72', '98.137.11.164', '74.6.143.25', '54.161.105.65', '74.6.231.20', '74.6.231.21', '74.6.143.26', '98.137.11.163', '74.6.143.25', '34.225.127.72', '98.137.11.164', '54.161.105.65', '74.6.231.20', '74.6.231.21', '98.137.11.163', '74.6.231.20', '54.161.105.65', '74.6.143.26', '34.225.127.72', '98.137.11.164', '74.6.143.25', '74.6.231.21', '74.6.143.26', '74.6.231.21', '34.225.127.72', '74.6.231.20', '98.137.11.164', '98.137.11.163', '74.6.143.25', '54.161.105.65', '34.225.127.72', '54.161.105.65', '74.6.143.25', '74.6.143.26', '74.6.231.20', '74.6.231.21', '98.137.11.163', '98.137.11.164']"
qq.com,403,6,5,113,4,"['203.205.254.157', '123.151.137.18', '61.129.7.47', '183.3.226.35', '183.3.226.35', '203.205.254.157', '123.151.137.18', '61.129.7.47', '61.129.7.47', '203.205.254.157', '183.3.226.35', '123.151.137.18', '61.129.7.47', '183.3.226.35', '203.205.254.157', '123.151.137.18', '183.3.226.35', '203.205.254.157', '61.129.7.47', '123.151.137.18']"
akamai.net,0,0,0,0,0,[]
domain1.tche.br,4,8,5,113,326,"['200.132.0.156', '200.132.0.156', '200.132.0.156', '200.132.0.156', '200.132.0.156']"
domain2.tche.br,27,6,61,112,4,"['200.132.0.156', '200.132.0.156', '200.132.0.156', '200.132.0.156', '200.132.0.156']"
domain3.tche.br,25,4,58,113,325,"['200.132.0.156', '200.132.0.156', '200.132.0.156', '200.132.0.156', '200.132.0.156']"
domain4.tche.br,4,5,63,113,130,"['200.132.0.156', '200.132.0.156', '200.132.0.156', '200.132.0.156', '200.132.0.156']"
domain5.tche.br,24,5,60,114,127,"['200.132.0.156', '200.132.0.156', '200.132.0.156', '200.132.0.156', '200.132.0.156']"
domain6.tche.br,5,5,5,114,125,"['200.132.0.156', '200.132.0.156', '200.132.0.156', '200.132.0.156', '200.132.0.156']"
domain7.tche.br,4,5,105,112,5,"['200.132.0.156', '200.132.0.156', '200.132.0.156', '200.132.0.156', '200.132.0.156']"
domain8.tche.br,27,7,28,115,132,"['200.132.0.156', '200.132.0.156', '200.132.0.156', '200.132.0.156', '200.132.0.156']"
domain9.tche.br,5,5,60,263,125,"['200.132.0.156', '200.132.0.156', '200.132.0.156', '200.132.0.156', '200.132.0.156']"
domain10.tche.br,5,5,65,114,126,"['200.132.0.156', '200.132.0.156', '200.132.0.156', '200.132.0.156', '200.132.0.156']"
domain11.tche.br,25,5,23,113,4,"['200.132.0.156', '200.132.0.156', '200.132.0.156', '200.132.0.156', '200.132.0.156']"
domain12.tche.br,4,5,5,114,4,"['200.132.0.156', '200.132.0.156', '200.132.0.156', '200.132.0.156', '200.132.0.156']"
domain13.tche.br,26,6,7,112,4,"['200.132.0.156', '200.132.0.156', '200.132.0.156', '200.132.0.156', '200.132.0.156']"
domain14.tche.br,21,5,4,113,4,"['200.132.0.156', '200.132.0.156', '200.132.0.156', '200.132.0.156', '200.132.0.156']"
domain15.tche.br,22,5,6,113,3,"['200.132.0.156', '200.132.0.156', '200.132.0.156', '200.132.0.156', '200.132.0.156']"
domain16.tche.br,5,5,4,112,4,"['200.132.0.156', '200.132.0.156', '200.132.0.156', '200.132.0.156', '200.132.0.156']"
domain17.tche.br,22,5,5,113,4,"['200.132.0.156', '200.132.0.156', '200.132.0.156', '200.132.0.156', '200.132.0.156']"
domain18.tche.br,21,5,63,113,4,"['200.132.0.156', '200.132.0.156', '200.132.0.156', '200.132.0.156', '200.132.0.156']"
domain19.tche.br,4,5,5,114,4,"['200.132.0.156', '200.132.0.156', '200.132.0.156', '200.132.0.156', '200.132.0.156']"
domain20.tche.br,22,5,5,112,4,"['200.132.0.156', '200.132.0.156', '200.132.0.156', '200.132.0.156', '200.132.0.156']"
tabsite.com,126,5,125,112,222,"['142.93.245.3', '142.93.245.3', '142.93.245.3', '142.93.245.3', '142.93.245.3']"
yuukagetsu.com,262,4,4,112,4,"['153.127.214.195', '153.127.214.195', '153.127.214.195', '153.127.214.195', '153.127.214.195']"
kafene.com,8,4,4,113,122,"['104.21.46.126', '172.67.139.4', '104.21.46.126', '172.67.139.4', '172.67.139.4', '104.21.46.126', '172.67.139.4', '104.21.46.126', '172.67.139.4', '104.21.46.126']"
yuzu-tosou.com,267,5,903,116,1484,"['183.181.82.28', '183.181.82.28', '183.181.82.28', '183.181.82.28', '183.181.82.28']"
lotzadollars.com,110,9,122,112,444,"['64.59.81.118', '64.59.81.118', '64.59.81.118', '64.59.81.118', '64.59.81.118']"
ywproperty.com,112,5,12,112,4,"['192.124.249.179', '192.124.249.179', '192.124.249.179', '192.124.249.179', '192.124.249.179']"
yxbabe.com,328,5,821,292,1915,"['47.108.200.10', '47.108.200.10', '47.108.200.10', '47.108.200.10', '47.108.200.10']"
gtd4xzbo4mycmst.com,0,0,0,0,0,[]
joyfulhour.net,4,5,114,112,9,"['3.33.130.190', '15.197.148.33', '15.197.148.33', '3.33.130.190', '3.33.130.190', '15.197.148.33', '3.33.130.190', '15.197.148.33', '15.197.148.33', '3.33.130.190']"
bentoncollections.com,111,5,297,112,136,"['23.227.38.32', '23.227.38.32', '23.227.38.32', '23.227.38.32', '23.227.38.32']"
yyfxgzs.com,0,0,0,0,0,[]
bonpost.ru,230,5,875,112,1328,"['190.2.148.60', '190.2.148.60', '190.2.148.60', '190.2.148.60', '190.2.148.60']"
notary.net,4,6,7,112,11,"['97.64.129.7', '97.64.129.7', '97.64.129.7', '97.64.129.7', '97.64.129.7']"
yywater.tw,141,9,5,112,4,"['85.187.128.60', '85.187.128.60', '85.187.128.60', '85.187.128.60', '85.187.128.60']"
shopiro.ca,133,5,301,113,5,"['51.222.110.142', '51.222.110.142', '51.222.110.142', '51.222.110.142', '51.222.110.142']"
facetfiez.space,9,5,7,117,120,"['172.67.219.46', '104.21.45.210', '104.21.45.210', '172.67.219.46', '172.67.219.46', '104.21.45.210', '104.21.45.210', '172.67.219.46', '172.67.219.46', '104.21.45.210']"
yztown.vip,4,5,6,112,4,"['199.59.243.223', '199.59.243.223', '199.59.243.223', '199.59.243.223', '199.59.243.223']"
openhealthnews.com,8,5,187,112,12,"['104.21.62.98', '172.67.222.208', '104.21.62.98', '172.67.222.208', '104.21.62.98', '172.67.222.208', '172.67.222.208', '104.21.62.98', '104.21.62.98', '172.67.222.208']"
euniverse.com,0,0,0,112,0,['52.15.96.207']
freestart.hu,167,5,132,116,4,"['161.35.220.214', '161.35.220.214', '161.35.220.214', '161.35.220.214', '161.35.220.214']"
google.com,4,5,4,112,60,"['142.250.218.14', '142.251.129.110', '142.251.129.110', '142.250.80.46', '142.250.219.206']"
youtube.com,124,4,3,111,56,"['142.251.128.142', '142.251.129.238', '142.251.129.174', '142.251.41.14', '142.251.128.142']"
facebook.com,4,4,4,112,4,"['157.240.12.35', '157.240.222.35', '157.240.12.35', '31.13.67.35', '157.240.12.35']"
a-msedge.net,0,0,0,0,0,[]
microsoft.com,4,5,4,112,4,"['20.81.111.85', '20.84.181.62', '20.103.85.33', '20.53.203.50', '20.112.52.29', '20.112.52.29', '20.84.181.62', '20.103.85.33', '20.53.203.50', '20.81.111.85', '20.103.85.33', '20.84.181.62', '20.112.52.29', '20.53.203.50', '20.81.111.85', '20.81.111.85', '20.84.181.62', '20.103.85.33', '20.53.203.50', '20.112.52.29', '20.103.85.33', '20.112.52.29', '20.53.203.50', '20.81.111.85', '20.84.181.62']"
netflix.com,7,5,5,112,6,"['52.3.144.142', '3.230.129.93', '54.237.226.164', '3.225.92.8', '3.211.157.115', '54.160.93.182', '3.230.129.93', '54.237.226.164', '52.3.144.142', '54.160.93.182', '3.225.92.8', '3.211.157.115', '3.230.129.93', '52.3.144.142', '54.237.226.164']"
epicgames.com,5,112,5,115,7,"['3.230.29.161', '52.22.246.29', '54.226.212.47', '3.210.97.92', '3.233.179.35', '44.215.224.99', '34.193.109.40', '34.225.166.220', '52.2.162.131', '54.89.15.95', '3.224.229.142', '52.207.120.16', '34.203.148.103', '54.210.212.240', '3.211.207.12', '3.210.97.92', '34.203.148.103', '34.205.180.101', '3.233.179.35', '23.20.205.194', '54.157.155.117', '52.203.14.136', '54.197.143.69', '3.216.16.195', '35.169.142.199', '54.157.155.117', '34.225.166.220', '107.23.88.204', '3.230.29.161', '34.193.142.121', '52.22.246.29', '18.232.4.194', '3.224.229.142', '34.192.40.46', '34.225.166.220', '52.203.14.136', '54.226.212.47', '3.210.97.92', '3.210.115.173', '3.216.16.195']"
akamaiedge.net,0,0,0,0,0,[]
gtld-servers.net,0,0,0,0,0,[]
twitter.com,5,5,4,113,5,"['104.244.42.129', '104.244.42.65', '104.244.42.1', '104.244.42.193', '104.244.42.65', '104.244.42.129', '104.244.42.1', '104.244.42.193', '104.244.42.1', '104.244.42.65', '104.244.42.129', '104.244.42.193', '104.244.42.129', '104.244.42.1', '104.244.42.65', '104.244.42.129', '104.244.42.193']"
instagram.com,8,6,3,113,45,"['157.240.12.174', '157.240.222.174', '157.240.226.174', '31.13.71.174', '157.240.12.174']"
baidu.com,4,5,4,114,4,"['39.156.66.10', '110.242.68.66', '39.156.66.10', '110.242.68.66', '110.242.68.66', '39.156.66.10', '39.156.66.10', '110.242.68.66', '110.242.68.66', '39.156.66.10']"
amazonaws.com,4,5,4,114,4,"['72.21.210.29', '72.21.206.80', '207.171.166.22', '72.21.210.29', '207.171.166.22', '72.21.206.80', '72.21.210.29', '207.171.166.22', '72.21.206.80', '207.171.166.22', '72.21.210.29', '72.21.206.80', '72.21.206.80', '72.21.210.29', '207.171.166.22']"
apple.com,3,5,3,113,4,"['17.253.144.10', '17.253.144.10', '17.253.144.10', '17.253.144.10', '17.253.144.10']"
linkedin.com,4,5,4,114,11,"['13.107.42.14', '13.107.42.14', '13.107.42.14', '13.107.42.14', '13.107.42.14']"
cloudflare.com,6,5,5,112,4,"['104.16.132.229', '104.16.133.229', '104.16.132.229', '104.16.133.229', '104.16.133.229', '104.16.132.229', '104.16.132.229', '104.16.133.229', '104.16.133.229', '104.16.132.229']"
wikipedia.org,5,5,4,112,4,"['208.80.154.224', '208.80.154.224', '208.80.154.224', '208.80.154.224', '208.80.154.224']"
yahoo.com,4,5,4,114,5,"['74.6.143.26', '98.137.11.163', '34.225.127.72', '98.137.11.164', '74.6.143.25', '54.161.105.65', '74.6.231.20', '74.6.231.21', '74.6.143.26', '98.137.11.163', '74.6.143.25', '34.225.127.72', '98.137.11.164', '54.161.105.65', '74.6.231.20', '74.6.231.21', '74.6.143.25', '98.137.11.164', '74.6.143.26', '98.137.11.163', '74.6.231.20', '34.225.127.72', '74.6.231.21', '54.161.105.65', '74.6.143.26', '74.6.231.21', '34.225.127.72', '74.6.231.20', '98.137.11.164', '98.137.11.163', '74.6.143.25', '54.161.105.65', '74.6.231.21', '98.137.11.163', '98.137.11.164', '34.225.127.72', '54.161.105.65', '74.6.143.25', '74.6.143.26', '74.6.231.20']"
qq.com,5,5,4,112,688,"['123.151.137.18', '61.129.7.47', '183.3.226.35', '203.205.254.157', '183.3.226.35', '203.205.254.157', '123.151.137.18', '61.129.7.47', '61.129.7.47', '203.205.254.157', '123.151.137.18', '183.3.226.35', '183.3.226.35', '203.205.254.157', '123.151.137.18', '61.129.7.47', '203.205.254.157', '61.129.7.47', '123.151.137.18', '183.3.226.35']"
akamai.net,0,0,0,0,0,[]
domain1.tche.br,23,6,65,114,130,"['200.132.0.156', '200.132.0.156', '200.132.0.156', '200.132.0.156', '200.132.0.156']"
domain2.tche.br,12,5,23,113,126,"['200.132.0.156', '200.132.0.156', '200.132.0.156', '200.132.0.156', '200.132.0.156']"
domain3.tche.br,5,5,23,113,134,"['200.132.0.156', '200.132.0.156', '200.132.0.156', '200.132.0.156', '200.132.0.156']"
domain4.tche.br,4,5,66,113,5,"['200.132.0.156', '200.132.0.156', '200.132.0.156', '200.132.0.156', '200.132.0.156']"
domain5.tche.br,4,9,108,113,4,"['200.132.0.156', '200.132.0.156', '200.132.0.156', '200.132.0.156', '200.132.0.156']"
domain6.tche.br,4,4,88,114,125,"['200.132.0.156', '200.132.0.156', '200.132.0.156', '200.132.0.156', '200.132.0.156']"
domain7.tche.br,24,5,60,114,131,"['200.132.0.156', '200.132.0.156', '200.132.0.156', '200.132.0.156', '200.132.0.156']"
domain8.tche.br,4,6,4,113,130,"['200.132.0.156', '200.132.0.156', '200.132.0.156', '200.132.0.156', '200.132.0.156']"
domain9.tche.br,5,6,63,113,131,"['200.132.0.156', '200.132.0.156', '200.132.0.156', '200.132.0.156', '200.132.0.156']"
domain10.tche.br,4,4,60,113,132,"['200.132.0.156', '200.132.0.156', '200.132.0.156', '200.132.0.156', '200.132.0.156']"
domain11.tche.br,26,5,6,113,4,"['200.132.0.156', '200.132.0.156', '200.132.0.156', '200.132.0.156', '200.132.0.156']"
domain12.tche.br,27,5,5,113,4,"['200.132.0.156', '200.132.0.156', '200.132.0.156', '200.132.0.156', '200.132.0.156']"
domain13.tche.br,25,5,22,114,4,"['200.132.0.156', '200.132.0.156', '200.132.0.156', '200.132.0.156', '200.132.0.156']"
domain14.tche.br,5,5,104,114,4,"['200.132.0.156', '200.132.0.156', '200.132.0.156', '200.132.0.156', '200.132.0.156']"
domain15.tche.br,4,4,5,113,4,"['200.132.0.156', '200.132.0.156', '200.132.0.156', '200.132.0.156', '200.132.0.156']"
domain16.tche.br,25,5,63,113,4,"['200.132.0.156', '200.132.0.156', '200.132.0.156', '200.132.0.156', '200.132.0.156']"
domain17.tche.br,23,5,22,114,4,"['200.132.0.156', '200.132.0.156', '200.132.0.156', '200.132.0.156', '200.132.0.156']"
domain18.tche.br,25,4,23,116,4,"['200.132.0.156', '200.132.0.156', '200.132.0.156', '200.132.0.156', '200.132.0.156']"
domain19.tche.br,24,4,5,112,4,"['200.132.0.156', '200.132.0.156', '200.132.0.156', '200.132.0.156', '200.132.0.156']"
domain20.tche.br,4,5,5,112,4,"['200.132.0.156', '200.132.0.156', '200.132.0.156', '200.132.0.156', '200.132.0.156']"
tabsite.com,127,5,5,112,351,"['142.93.245.3', '142.93.245.3', '142.93.245.3', '142.93.245.3', '142.93.245.3']"
yuukagetsu.com,4,5,1871,112,474,"['153.127.214.195', '153.127.214.195', '153.127.214.195', '153.127.214.195', '153.127.214.195']"
kafene.com,9,5,4,112,12,"['172.67.139.4', '104.21.46.126', '104.21.46.126', '172.67.139.4', '104.21.46.126', '172.67.139.4', '172.67.139.4', '104.21.46.126', '172.67.139.4', '104.21.46.126']"
yuzu-tosou.com,5,5,298,112,3,"['183.181.82.28', '183.181.82.28', '183.181.82.28', '183.181.82.28', '183.181.82.28']"
lotzadollars.com,113,5,254,113,315,"['64.59.81.118', '64.59.81.118', '64.59.81.118', '64.59.81.118', '64.59.81.118']"
ywproperty.com,4,5,4,114,4,"['192.124.249.179', '192.124.249.179', '192.124.249.179', '192.124.249.179', '192.124.249.179']"
yxbabe.com,127,5,338,113,4,"['47.108.200.10', '47.108.200.10', '47.108.200.10', '47.108.200.10', '47.108.200.10']"
gtd4xzbo4mycmst.com,0,0,0,0,0,[]
joyfulhour.net,227,5,6,113,6,"['3.33.130.190', '15.197.148.33', '15.197.148.33', '3.33.130.190', '15.197.148.33', '3.33.130.190', '3.33.130.190', '15.197.148.33', '3.33.130.190', '15.197.148.33']"
bentoncollections.com,111,5,114,114,8,"['23.227.38.32', '23.227.38.32', '23.227.38.32', '23.227.38.32', '23.227.38.32']"
yyfxgzs.com,0,0,0,0,0,[]
bonpost.ru,232,5,791,112,1524,"['190.2.148.60', '190.2.148.60', '190.2.148.60', '190.2.148.60', '190.2.148.60']"
notary.net,4,5,340,112,3,"['97.64.129.7', '97.64.129.7', '97.64.129.7', '97.64.129.7', '97.64.129.7']"
yywater.tw,63,4,314,112,4,"['85.187.128.60', '85.187.128.60', '85.187.128.60', '85.187.128.60', '85.187.128.60']"
shopiro.ca,136,4,6,114,3,"['51.222.110.142', '51.222.110.142', '51.222.110.142', '51.222.110.142', '51.222.110.142']"
facetfiez.space,5,5,9,113,119,"['172.67.219.46', '104.21.45.210', '104.21.45.210', '172.67.219.46', '104.21.45.210', '172.67.219.46', '104.21.45.210', '172.67.219.46', '172.67.219.46', '104.21.45.210']"
yztown.vip,8,5,4,111,4,"['199.59.243.223', '199.59.243.223', '199.59.243.223', '199.59.243.223', '199.59.243.223']"
openhealthnews.com,8,4,396,121,12,"['104.21.62.98', '172.67.222.208', '104.21.62.98', '172.67.222.208', '104.21.62.98', '172.67.222.208', '172.67.222.208', '104.21.62.98', '104.21.62.98', '172.67.222.208']"
euniverse.com,0,0,0,112,0,['52.15.96.207']
freestart.hu,4,6,5,111,923,"['161.35.220.214', '161.35.220.214', '161.35.220.214', '161.35.220.214', '161.35.220.214']"
google.com,3,5,5,111,59,"['142.251.128.14', '142.251.129.110', '142.250.219.238', '142.250.81.238', '142.250.219.206']"
youtube.com,5,5,4,134,56,"['142.251.129.206', '142.251.129.238', '142.250.79.206', '142.251.40.206', '142.251.128.142']"
facebook.com,4,5,4,112,48,"['157.240.12.35', '157.240.222.35', '157.240.226.35', '31.13.67.35', '157.240.12.35']"
a-msedge.net,0,0,0,0,0,[]
microsoft.com,4,4,5,112,4,"['20.81.111.85', '20.84.181.62', '20.103.85.33', '20.53.203.50', '20.112.52.29', '20.112.52.29', '20.84.181.62', '20.103.85.33', '20.53.203.50', '20.81.111.85', '20.112.52.29', '20.53.203.50', '20.84.181.62', '20.81.111.85', '20.103.85.33', '20.81.111.85', '20.84.181.62', '20.103.85.33', '20.53.203.50', '20.112.52.29', '20.112.52.29', '20.53.203.50', '20.81.111.85', '20.84.181.62', '20.103.85.33']"
netflix.com,8,5,4,113,7,"['3.211.157.115', '54.160.93.182', '3.225.92.8', '3.225.92.8', '3.211.157.115', '54.160.93.182', '54.160.93.182', '3.225.92.8', '3.211.157.115', '54.160.93.182', '3.225.92.8', '3.211.157.115', '3.230.129.93', '52.3.144.142', '54.237.226.164']"
epicgames.com,5,6,4,113,6,"['52.203.14.136', '34.205.180.101', '34.232.137.100', '3.216.16.195', '52.22.82.88', '54.226.83.163', '34.203.119.126', '3.232.100.130', '52.2.162.131', '54.89.15.95', '3.224.229.142', '52.207.120.16', '34.203.148.103', '54.210.212.240', '3.211.207.12', '3.210.97.92', '35.169.142.199', '34.206.236.114', '3.210.97.92', '54.235.191.8', '34.232.137.100', '107.23.88.204', '34.192.40.46', '34.203.148.103', '35.169.142.199', '54.157.155.117', '34.225.166.220', '107.23.88.204', '3.230.29.161', '34.193.142.121', '52.22.246.29', '18.232.4.194', '54.235.191.8', '174.129.246.223', '3.211.212.74', '3.223.206.124', '3.232.100.130', '52.22.82.88', '54.157.155.117', '54.226.83.163']"
akamaiedge.net,0,0,0,0,0,[]
gtld-servers.net,0,0,0,0,0,[]
twitter.com,7,5,4,113,5,"['104.244.42.193', '104.244.42.65', '104.244.42.129', '104.244.42.1', '104.244.42.193', '104.244.42.129', '104.244.42.129', '104.244.42.1', '104.244.42.65', '104.244.42.129', '104.244.42.193']"
instagram.com,7,5,4,111,5,"['157.240.12.174', '157.240.226.174', '157.240.226.174', '31.13.71.174', '157.240.12.174']"
baidu.com,4,4,4,364,4,"['39.156.66.10', '110.242.68.66', '39.156.66.10', '110.242.68.66', '110.242.68.66', '39.156.66.10', '39.156.66.10', '110.242.68.66', '110.242.68.66', '39.156.66.10']"
amazonaws.com,4,5,4,111,4,"['72.21.206.80', '72.21.210.29', '207.171.166.22', '72.21.210.29', '207.171.166.22', '72.21.206.80', '207.171.166.22', '72.21.210.29', '72.21.206.80', '72.21.206.80', '207.171.166.22', '72.21.210.29', '72.21.206.80', '72.21.210.29', '207.171.166.22']"
apple.com,3,4,4,112,5,"['17.253.144.10', '17.253.144.10', '17.253.144.10', '17.253.144.10', '17.253.144.10']"
linkedin.com,8,5,4,112,5,"['13.107.42.14', '13.107.42.14', '13.107.42.14', '13.107.42.14', '13.107.42.14']"
cloudflare.com,4,5,4,112,4,"['104.16.133.229', '104.16.132.229', '104.16.132.229', '104.16.133.229', '104.16.132.229', '104.16.133.229', '104.16.132.229', '104.16.133.229', '104.16.132.229', '104.16.133.229']"
wikipedia.org,121,5,4,112,5,"['208.80.154.224', '208.80.154.224', '208.80.154.224', '208.80.154.224', '208.80.154.224']"
yahoo.com,4,7,4,114,4,"['74.6.231.21', '74.6.143.26', '98.137.11.164', '98.137.11.163', '34.225.127.72', '74.6.143.25', '74.6.231.20', '54.161.105.65', '74.6.143.26', '98.137.11.163', '74.6.143.25', '34.225.127.72', '98.137.11.164', '54.161.105.65', '74.6.231.20', '74.6.231.21', '74.6.231.21', '54.161.105.65', '74.6.231.20', '34.225.127.72', '98.137.11.164', '74.6.143.25', '74.6.143.26', '98.137.11.163', '74.6.143.26', '74.6.231.21', '34.225.127.72', '74.6.231.20', '98.137.11.164', '98.137.11.163', '74.6.143.25', '54.161.105.65', '74.6.231.21', '98.137.11.163', '98.137.11.164', '34.225.127.72', '54.161.105.65', '74.6.143.25', '74.6.143.26', '74.6.231.20']"
qq.com,337,6,4,113,337,"['203.205.254.157', '123.151.137.18', '61.129.7.47', '183.3.226.35', '183.3.226.35', '203.205.254.157', '123.151.137.18', '61.129.7.47', '203.205.254.157', '61.129.7.47', '123.151.137.18', '183.3.226.35', '183.3.226.35', '203.205.254.157', '123.151.137.18', '61.129.7.47', '183.3.226.35', '203.205.254.157', '61.129.7.47', '123.151.137.18']"
akamai.net,0,0,0,0,0,[]
domain1.tche.br,4,5,64,113,125,"['200.132.0.156', '200.132.0.156', '200.132.0.156', '200.132.0.156', '200.132.0.156']"
domain2.tche.br,22,5,4,120,4,"['200.132.0.156', '200.132.0.156', '200.132.0.156', '200.132.0.156', '200.132.0.156']"
domain3.tche.br,26,5,23,113,4,"['200.132.0.156', '200.132.0.156', '200.132.0.156', '200.132.0.156', '200.132.0.156']"
domain4.tche.br,4,5,22,114,125,"['200.132.0.156', '200.132.0.156', '200.132.0.156', '200.132.0.156', '200.132.0.156']"
domain5.tche.br,5,4,4,262,126,"['200.132.0.156', '200.132.0.156', '200.132.0.156', '200.132.0.156', '200.132.0.156']"
domain6.tche.br,23,6,63,113,131,"['200.132.0.156', '200.132.0.156', '200.132.0.156', '200.132.0.156', '200.132.0.156']"
domain7.tche.br,24,4,61,114,125,"['200.132.0.156', '200.132.0.156', '200.132.0.156', '200.132.0.156', '200.132.0.156']"
domain8.tche.br,23,5,103,114,130,"['200.132.0.156', '200.132.0.156', '200.132.0.156', '200.132.0.156', '200.132.0.156']"
domain9.tche.br,5,5,4,113,131,"['200.132.0.156', '200.132.0.156', '200.132.0.156', '200.132.0.156', '200.132.0.156']"
domain10.tche.br,24,5,22,112,132,"['200.132.0.156', '200.132.0.156', '200.132.0.156', '200.132.0.156', '200.132.0.156']"
domain11.tche.br,5,7,4,113,4,"['200.132.0.156', '200.132.0.156', '200.132.0.156', '200.132.0.156', '200.132.0.156']"
domain12.tche.br,27,5,5,113,4,"['200.132.0.156', '200.132.0.156', '200.132.0.156', '200.132.0.156', '200.132.0.156']"
domain13.tche.br,26,6,62,113,4,"['200.132.0.156', '200.132.0.156', '200.132.0.156', '200.132.0.156', '200.132.0.156']"
domain14.tche.br,23,5,23,117,4,"['200.132.0.156', '200.132.0.156', '200.132.0.156', '200.132.0.156', '200.132.0.156']"
domain15.tche.br,5,5,105,113,4,"['200.132.0.156', '200.132.0.156', '200.132.0.156', '200.132.0.156', '200.132.0.156']"
domain16.tche.br,4,5,65,113,4,"['200.132.0.156', '200.132.0.156', '200.132.0.156', '200.132.0.156', '200.132.0.156']"
domain17.tche.br,4,5,5,113,5,"['200.132.0.156', '200.132.0.156', '200.132.0.156', '200.132.0.156', '200.132.0.156']"
domain18.tche.br,4,4,23,113,4,"['200.132.0.156', '200.132.0.156', '200.132.0.156', '200.132.0.156', '200.132.0.156']"
domain19.tche.br,24,5,5,124,4,"['200.132.0.156', '200.132.0.156', '200.132.0.156', '200.132.0.156', '200.132.0.156']"
domain20.tche.br,5,5,5,114,4,"['200.132.0.156', '200.132.0.156', '200.132.0.156', '200.132.0.156', '200.132.0.156']"
tabsite.com,4,5,6,112,331,"['142.93.245.3', '142.93.245.3', '142.93.245.3', '142.93.245.3', '142.93.245.3']"
yuukagetsu.com,266,5,5,112,593,"['153.127.214.195', '153.127.214.195', '153.127.214.195', '153.127.214.195', '153.127.214.195']"
kafene.com,5,4,367,112,4,"['172.67.139.4', '104.21.46.126', '104.21.46.126', '172.67.139.4', '104.21.46.126', '172.67.139.4', '172.67.139.4', '104.21.46.126', '172.67.139.4', '104.21.46.126']"
yuzu-tosou.com,264,5,4,112,4,"['183.181.82.28', '183.181.82.28', '183.181.82.28', '183.181.82.28', '183.181.82.28']"
lotzadollars.com,5,5,122,112,314,"['64.59.81.118', '64.59.81.118', '64.59.81.118', '64.59.81.118', '64.59.81.118']"
ywproperty.com,112,5,4,113,4,"['192.124.249.179', '192.124.249.179', '192.124.249.179', '192.124.249.179', '192.124.249.179']"
yxbabe.com,140,5,4,112,1925,"['47.108.200.10', '47.108.200.10', '47.108.200.10', '47.108.200.10', '47.108.200.10']"
gtd4xzbo4mycmst.com,0,0,0,0,0,[]
joyfulhour.net,112,5,5,112,141,"['3.33.130.190', '15.197.148.33', '15.197.148.33', '3.33.130.190', '3.33.130.190', '15.197.148.33', '3.33.130.190', '15.197.148.33', '15.197.148.33', '3.33.130.190']"
bentoncollections.com,112,4,432,112,4,"['23.227.38.32', '23.227.38.32', '23.227.38.32', '23.227.38.32', '23.227.38.32']"
yyfxgzs.com,0,0,0,0,0,[]
bonpost.ru,231,5,939,113,5,"['190.2.148.60', '190.2.148.60', '190.2.148.60', '190.2.148.60', '190.2.148.60']"
notary.net,5,4,5,112,112,"['97.64.129.7', '97.64.129.7', '97.64.129.7', '97.64.129.7', '97.64.129.7']"
yywater.tw,6,6,5,112,4,"['85.187.128.60', '85.187.128.60', '85.187.128.60', '85.187.128.60', '85.187.128.60']"
shopiro.ca,5,5,294,113,4,"['51.222.110.142', '51.222.110.142', '51.222.110.142', '51.222.110.142', '51.222.110.142']"
facetfiez.space,4,6,6,113,120,"['172.67.219.46', '104.21.45.210', '104.21.45.210', '172.67.219.46', '104.21.45.210', '172.67.219.46', '104.21.45.210', '172.67.219.46', '104.21.45.210', '172.67.219.46']"
yztown.vip,122,5,7,112,7,"['199.59.243.223', '199.59.243.223', '199.59.243.223', '199.59.243.223', '199.59.243.223']"
openhealthnews.com,4,5,15,112,4,"['104.21.62.98', '172.67.222.208', '104.21.62.98', '172.67.222.208', '172.67.222.208', '104.21.62.98', '172.67.222.208', '104.21.62.98', '172.67.222.208', '104.21.62.98']"
euniverse.com,0,0,0,113,0,['52.15.96.207']
freestart.hu,164,5,5,116,925,"['161.35.220.214', '161.35.220.214', '161.35.220.214', '161.35.220.214', '161.35.220.214']"
google.com,4,5,6,112,63,"['142.251.128.142', '142.251.129.110', '142.250.219.174', '142.250.81.238', '142.250.219.206']"
youtube.com,5,5,4,113,55,"['142.251.129.206', '142.251.129.238', '142.251.129.206', '142.251.41.14', '142.251.128.142']"
facebook.com,4,5,7,114,6,"['157.240.12.35', '157.240.222.35', '157.240.226.35', '31.13.67.35', '157.240.12.35']"
a-msedge.net,0,0,0,0,0,[]
microsoft.com,4,5,4,114,4,"['20.81.111.85', '20.84.181.62', '20.103.85.33', '20.53.203.50', '20.112.52.29', '20.112.52.29', '20.84.181.62', '20.103.85.33', '20.53.203.50', '20.81.111.85', '20.53.203.50', '20.81.111.85', '20.112.52.29', '20.103.85.33', '20.84.181.62', '20.81.111.85', '20.84.181.62', '20.103.85.33', '20.53.203.50', '20.112.52.29', '20.53.203.50', '20.81.111.85', '20.84.181.62', '20.103.85.33', '20.112.52.29']"
netflix.com,6,6,4,120,7,"['52.3.144.142', '54.237.226.164', '3.230.129.93', '3.225.92.8', '3.211.157.115', '54.160.93.182', '3.211.157.115', '54.160.93.182', '3.225.92.8', '54.160.93.182', '3.211.157.115', '3.225.92.8', '54.237.226.164', '3.230.129.93', '52.3.144.142']"
epicgames.com,4,6,5,117,6,"['34.192.116.37', '3.228.194.172', '3.224.231.164', '44.215.224.99', '34.203.148.103', '3.211.212.74', '3.211.207.12', '54.87.93.14', '52.2.162.131', '54.89.15.95', '3.224.229.142', '52.207.120.16', '34.203.148.103', '54.210.212.240', '3.211.207.12', '3.210.97.92', '3.210.115.173', '174.129.246.223', '54.157.155.117', '54.235.191.8', '18.213.59.57', '3.210.97.92', '54.87.93.14', '34.236.240.206', '34.192.116.37', '3.232.100.130', '52.71.194.139', '54.197.143.69', '52.207.120.16', '54.226.212.47', '52.2.162.131', '34.193.142.121', '3.211.212.74', '34.193.109.40', '34.203.119.126', '34.206.236.114', '35.169.142.199', '54.235.191.8', '3.86.126.224', '3.210.97.92']"
akamaiedge.net,0,0,0,0,0,[]
gtld-servers.net,0,0,0,0,0,[]
twitter.com,7,5,4,113,4,"['104.244.42.1', '104.244.42.65', '104.244.42.129', '104.244.42.1', '104.244.42.193', '104.244.42.129', '104.244.42.129', '104.244.42.1', '104.244.42.65', '104.244.42.129', '104.244.42.193']"
instagram.com,4,5,5,111,6,"['157.240.12.174', '157.240.226.174', '157.240.12.174', '31.13.71.174', '157.240.12.174']"
baidu.com,4,4,4,113,4,"['39.156.66.10', '110.242.68.66', '39.156.66.10', '110.242.68.66', '110.242.68.66', '39.156.66.10', '39.156.66.10', '110.242.68.66', '110.242.68.66', '39.156.66.10']"
amazonaws.com,4,5,4,112,4,"['207.171.166.22', '72.21.206.80', '72.21.210.29', '72.21.210.29', '207.171.166.22', '72.21.206.80', '207.171.166.22', '72.21.210.29', '72.21.206.80', '207.171.166.22', '72.21.210.29', '72.21.206.80', '72.21.206.80', '72.21.210.29', '207.171.166.22']"
apple.com,4,5,4,112,3,"['17.253.144.10', '17.253.144.10', '17.253.144.10', '17.253.144.10', '17.253.144.10']"
linkedin.com,5,7,4,112,4,"['13.107.42.14', '13.107.42.14', '13.107.42.14', '13.107.42.14', '13.107.42.14']"
cloudflare.com,5,4,4,113,4,"['104.16.133.229', '104.16.132.229', '104.16.132.229', '104.16.133.229', '104.16.132.229', '104.16.133.229', '104.16.133.229', '104.16.132.229', '104.16.132.229', '104.16.133.229']"
wikipedia.org,204,5,4,112,4,"['208.80.154.224', '208.80.154.224', '208.80.154.224', '208.80.154.224', '208.80.154.224']"
yahoo.com,5,5,4,114,4,"['74.6.231.21', '74.6.143.26', '98.137.11.164', '98.137.11.163', '34.225.127.72', '74.6.143.25', '74.6.231.20', '54.161.105.65', '74.6.143.26', '98.137.11.163', '74.6.143.25', '34.225.127.72', '98.137.11.164', '54.161.105.65', '74.6.231.20', '74.6.231.21', '34.225.127.72', '74.6.231.20', '74.6.143.26', '98.137.11.163', '74.6.143.25', '54.161.105.65', '98.137.11.164', '74.6.231.21', '74.6.143.25', '98.137.11.163', '54.161.105.65', '74.6.231.20', '34.225.127.72', '74.6.143.26', '74.6.231.21', '98.137.11.164', '34.225.127.72', '54.161.105.65', '74.6.143.25', '74.6.143.26', '74.6.231.20', '74.6.231.21', '98.137.11.163', '98.137.11.164']"
qq.com,5,4,4,113,4,"['203.205.254.157', '123.151.137.18', '61.129.7.47', '183.3.226.35', '183.3.226.35', '203.205.254.157', '123.151.137.18', '61.129.7.47', '123.151.137.18', '203.205.254.157', '183.3.226.35', '61.129.7.47', '183.3.226.35', '203.205.254.157', '123.151.137.18', '61.129.7.47', '203.205.254.157', '61.129.7.47', '123.151.137.18', '183.3.226.35']"
akamai.net,0,0,0,0,0,[]
domain1.tche.br,21,5,59,113,326,"['200.132.0.156', '200.132.0.156', '200.132.0.156', '200.132.0.156', '200.132.0.156']"
domain2.tche.br,26,5,4,113,130,"['200.132.0.156', '200.132.0.156', '200.132.0.156', '200.132.0.156', '200.132.0.156']"
domain3.tche.br,25,5,21,113,4,"['200.132.0.156', '200.132.0.156', '200.132.0.156', '200.132.0.156', '200.132.0.156']"
domain4.tche.br,26,5,5,112,4,"['200.132.0.156', '200.132.0.156', '200.132.0.156', '200.132.0.156', '200.132.0.156']"
domain5.tche.br,4,4,5,113,4,"['200.132.0.156', '200.132.0.156', '200.132.0.156', '200.132.0.156', '200.132.0.156']"
domain6.tche.br,4,5,21,113,126,"['200.132.0.156', '200.132.0.156', '200.132.0.156', '200.132.0.156', '200.132.0.156']"
domain7.tche.br,5,4,4,114,126,"['200.132.0.156', '200.132.0.156', '200.132.0.156', '200.132.0.156', '200.132.0.156']"
domain8.tche.br,6,5,5,114,125,"['200.132.0.156', '200.132.0.156', '200.132.0.156', '200.132.0.156', '200.132.0.156']"
domain9.tche.br,24,5,57,112,125,"['200.132.0.156', '200.132.0.156', '200.132.0.156', '200.132.0.156', '200.132.0.156']"
domain10.tche.br,26,5,5,114,132,"['200.132.0.156', '200.132.0.156', '200.132.0.156', '200.132.0.156', '200.132.0.156']"
domain11.tche.br,25,5,58,113,5,"['200.132.0.156', '200.132.0.156', '200.132.0.156', '200.132.0.156', '200.132.0.156']"
domain12.tche.br,24,4,4,114,4,"['200.132.0.156', '200.132.0.156', '200.132.0.156', '200.132.0.156', '200.132.0.156']"
domain13.tche.br,4,4,5,113,3,"['200.132.0.156', '200.132.0.156', '200.132.0.156', '200.132.0.156', '200.132.0.156']"
domain14.tche.br,4,5,56,113,3,"['200.132.0.156', '200.132.0.156', '200.132.0.156', '200.132.0.156', '200.132.0.156']"
domain15.tche.br,5,5,4,113,4,"['200.132.0.156', '200.132.0.156', '200.132.0.156', '200.132.0.156', '200.132.0.156']"
domain16.tche.br,4,4,5,113,4,"['200.132.0.156', '200.132.0.156', '200.132.0.156', '200.132.0.156', '200.132.0.156']"
domain17.tche.br,23,5,57,113,4,"['200.132.0.156', '200.132.0.156', '200.132.0.156', '200.132.0.156', '200.132.0.156']"
domain18.tche.br,23,6,5,114,4,"['200.132.0.156', '200.132.0.156', '200.132.0.156', '200.132.0.156', '200.132.0.156']"
domain19.tche.br,4,4,55,114,4,"['200.132.0.156', '200.132.0.156', '200.132.0.156', '200.132.0.156', '200.132.0.156']"
domain20.tche.br,23,7,103,113,4,"['200.132.0.156', '200.132.0.156', '200.132.0.156', '200.132.0.156', '200.132.0.156']"
tabsite.com,5,5,135,113,351,"['142.93.245.3', '142.93.245.3', '142.93.245.3', '142.93.245.3', '142.93.245.3']"
yuukagetsu.com,265,5,4,113,573,"['153.127.214.195', '153.127.214.195', '153.127.214.195', '153.127.214.195', '153.127.214.195']"
kafene.com,5,6,191,112,14,"['172.67.139.4', '104.21.46.126', '104.21.46.126', '172.67.139.4', '104.21.46.126', '172.67.139.4', '172.67.139.4', '104.21.46.126', '172.67.139.4', '104.21.46.126']"
yuzu-tosou.com,268,6,285,112,1479,"['183.181.82.28', '183.181.82.28', '183.181.82.28', '183.181.82.28', '183.181.82.28']"
lotzadollars.com,111,4,4,112,4,"['64.59.81.118', '64.59.81.118', '64.59.81.118', '64.59.81.118', '64.59.81.118']"
ywproperty.com,4,5,4,114,3,"['192.124.249.179', '192.124.249.179', '192.124.249.179', '192.124.249.179', '192.124.249.179']"
yxbabe.com,319,6,814,112,2107,"['47.108.200.10', '47.108.200.10', '47.108.200.10', '47.108.200.10', '47.108.200.10']"
gtd4xzbo4mycmst.com,0,0,0,0,0,[]
joyfulhour.net,4,5,114,112,9,"['3.33.130.190', '15.197.148.33', '15.197.148.33', '3.33.130.190', '3.33.130.190', '15.197.148.33', '3.33.130.190', '15.197.148.33', '15.197.148.33', '3.33.130.190']"
bentoncollections.com,5,5,266,117,5,"['23.227.38.32', '23.227.38.32', '23.227.38.32', '23.227.38.32', '23.227.38.32']"
yyfxgzs.com,0,0,0,0,0,[]
bonpost.ru,233,5,689,113,794,"['190.2.148.60', '190.2.148.60', '190.2.148.60', '190.2.148.60', '190.2.148.60']"
notary.net,8,5,6,112,119,"['97.64.129.7', '97.64.129.7', '97.64.129.7', '97.64.129.7', '97.64.129.7']"
yywater.tw,197,5,4,112,4,"['85.187.128.60', '85.187.128.60', '85.187.128.60', '85.187.128.60', '85.187.128.60']"
shopiro.ca,4,4,318,113,4,"['51.222.110.142', '51.222.110.142', '51.222.110.142', '51.222.110.142', '51.222.110.142']"
facetfiez.space,9,5,8,111,121,"['172.67.219.46', '104.21.45.210', '104.21.45.210', '172.67.219.46', '104.21.45.210', '172.67.219.46', '104.21.45.210', '172.67.219.46', '172.67.219.46', '104.21.45.210']"
yztown.vip,4,6,9,112,7,"['199.59.243.223', '199.59.243.223', '199.59.243.223', '199.59.243.223', '199.59.243.223']"
openhealthnews.com,7,5,6,112,4,"['104.21.62.98', '172.67.222.208', '104.21.62.98', '172.67.222.208', '172.67.222.208', '104.21.62.98', '172.67.222.208', '104.21.62.98', '104.21.62.98', '172.67.222.208']"
euniverse.com,0,0,0,112,0,['52.15.96.207']
freestart.hu,161,6,132,212,1113,"['161.35.220.214', '161.35.220.214', '161.35.220.214', '161.35.220.214', '161.35.220.214']"
google.com,59,5,4,113,53,"['142.250.219.206', '142.251.129.110', '142.250.219.46', '142.250.80.46', '142.250.219.206']"
youtube.com,61,5,3,113,4,"['142.251.128.142', '142.251.129.238', '142.251.128.14', '142.251.41.14', '142.250.219.46']"
facebook.com,4,4,3,113,5,"['157.240.12.35', '157.240.222.35', '31.13.85.36', '157.240.241.35', '157.240.12.35']"
a-msedge.net,0,0,0,0,0,[]
microsoft.com,4,5,4,113,5,"['20.81.111.85', '20.84.181.62', '20.103.85.33', '20.53.203.50', '20.112.52.29', '20.112.52.29', '20.84.181.62', '20.103.85.33', '20.53.203.50', '20.81.111.85', '20.53.203.50', '20.84.181.62', '20.103.85.33', '20.112.52.29', '20.81.111.85', '20.81.111.85', '20.84.181.62', '20.103.85.33', '20.53.203.50', '20.112.52.29', '20.103.85.33', '20.112.52.29', '20.53.203.50', '20.81.111.85', '20.84.181.62']"
netflix.com,4,5,4,116,6,"['3.211.157.115', '54.160.93.182', '3.225.92.8', '3.225.92.8', '3.211.157.115', '54.160.93.182', '54.160.93.182', '3.225.92.8', '3.211.157.115', '3.225.92.8', '3.211.157.115', '54.160.93.182', '3.211.157.115', '3.225.92.8', '54.160.93.182']"
epicgames.com,4,5,4,113,5,"['34.206.236.114', '3.232.100.130', '54.89.15.95', '18.213.59.57', '107.23.88.204', '54.226.212.47', '3.210.115.173', '23.20.205.194', '34.193.109.40', '54.235.191.8', '3.210.115.173', '3.86.126.224', '34.203.148.103', '54.89.15.95', '3.232.100.130', '23.20.205.194', '3.223.206.124', '54.157.155.117', '18.232.4.194', '3.211.207.12', '174.129.246.223', '3.232.100.130', '3.230.29.161', '23.20.205.194', '34.192.116.37', '3.232.100.130', '52.71.194.139', '54.197.143.69', '52.207.120.16', '54.226.212.47', '52.2.162.131', '34.193.142.121', '34.203.119.126', '34.225.166.220', '35.169.142.199', '52.22.246.29', '54.157.155.117', '3.210.97.92', '34.192.40.46', '34.193.142.121']"
akamaiedge.net,0,0,0,0,0,[]
gtld-servers.net,0,0,0,0,0,[]
twitter.com,4,5,4,113,5,"['104.244.42.1', '104.244.42.65', '104.244.42.129', '104.244.42.1', '104.244.42.193', '104.244.42.1', '104.244.42.193', '104.244.42.65', '104.244.42.129', '104.244.42.129', '104.244.42.65', '104.244.42.129', '104.244.42.193', '104.244.42.1']"
instagram.com,4,5,4,113,5,"['157.240.12.174', '157.240.226.174', '157.240.226.174', '31.13.71.174', '157.240.12.174']"
baidu.com,4,6,4,113,5,"['39.156.66.10', '110.242.68.66', '39.156.66.10', '110.242.68.66', '39.156.66.10', '110.242.68.66', '39.156.66.10', '110.242.68.66', '39.156.66.10', '110.242.68.66']"
amazonaws.com,4,6,4,113,4,"['207.171.166.22', '72.21.206.80', '72.21.210.29', '72.21.210.29', '207.171.166.22', '72.21.206.80', '72.21.206.80', '72.21.210.29', '207.171.166.22', '207.171.166.22', '72.21.210.29', '72.21.206.80', '72.21.210.29', '207.171.166.22', '72.21.206.80']"
apple.com,4,5,5,115,4,"['17.253.144.10', '17.253.144.10', '17.253.144.10', '17.253.144.10', '17.253.144.10']"
linkedin.com,10,5,4,112,7,"['13.107.42.14', '13.107.42.14', '13.107.42.14', '13.107.42.14', '13.107.42.14']"
cloudflare.com,7,4,4,113,4,"['104.16.132.229', '104.16.133.229', '104.16.132.229', '104.16.133.229', '104.16.132.229', '104.16.133.229', '104.16.133.229', '104.16.132.229', '104.16.133.229', '104.16.132.229']"
wikipedia.org,4,6,4,111,149,"['208.80.154.224', '208.80.154.224', '208.80.154.224', '208.80.154.224', '208.80.154.224']"
yahoo.com,4,5,4,115,5,"['54.161.105.65', '74.6.231.20', '74.6.143.26', '74.6.143.25', '74.6.231.21', '98.137.11.163', '98.137.11.164', '34.225.127.72', '74.6.143.26', '98.137.11.163', '74.6.143.25', '34.225.127.72', '98.137.11.164', '54.161.105.65', '74.6.231.20', '74.6.231.21', '74.6.231.20', '74.6.231.21', '74.6.143.26', '54.161.105.65', '34.225.127.72', '98.137.11.164', '74.6.143.25', '98.137.11.163', '74.6.143.25', '98.137.11.163', '54.161.105.65', '74.6.231.20', '34.225.127.72', '74.6.143.26', '74.6.231.21', '98.137.11.164', '74.6.231.21', '98.137.11.163', '98.137.11.164', '34.225.127.72', '54.161.105.65', '74.6.143.25', '74.6.143.26', '74.6.231.20']"
qq.com,5,5,4,113,4,"['123.151.137.18', '61.129.7.47', '183.3.226.35', '203.205.254.157', '183.3.226.35', '203.205.254.157', '123.151.137.18', '61.129.7.47', '183.3.226.35', '61.129.7.47', '203.205.254.157', '123.151.137.18', '61.129.7.47', '183.3.226.35', '203.205.254.157', '123.151.137.18', '203.205.254.157', '61.129.7.47', '123.151.137.18', '183.3.226.35']"
akamai.net,0,0,0,0,0,[]
domain1.tche.br,26,5,57,112,3,"['200.132.0.156', '200.132.0.156', '200.132.0.156', '200.132.0.156', '200.132.0.156']"
domain2.tche.br,5,5,56,113,4,"['200.132.0.156', '200.132.0.156', '200.132.0.156', '200.132.0.156', '200.132.0.156']"
domain3.tche.br,5,4,4,115,126,"['200.132.0.156', '200.132.0.156', '200.132.0.156', '200.132.0.156', '200.132.0.156']"
domain4.tche.br,5,6,5,113,4,"['200.132.0.156', '200.132.0.156', '200.132.0.156', '200.132.0.156', '200.132.0.156']"
domain5.tche.br,21,4,4,113,4,"['200.132.0.156', '200.132.0.156', '200.132.0.156', '200.132.0.156', '200.132.0.156']"
domain6.tche.br,4,6,5,113,4,"['200.132.0.156', '200.132.0.156', '200.132.0.156', '200.132.0.156', '200.132.0.156']"
domain7.tche.br,28,6,5,114,225,"['200.132.0.156', '200.132.0.156', '200.132.0.156', '200.132.0.156', '200.132.0.156']"
domain8.tche.br,26,5,4,112,4,"['200.132.0.156', '200.132.0.156', '200.132.0.156', '200.132.0.156', '200.132.0.156']"
domain9.tche.br,24,5,56,113,125,"['200.132.0.156', '200.132.0.156', '200.132.0.156', '200.132.0.156', '200.132.0.156']"
domain10.tche.br,4,5,57,112,4,"['200.132.0.156', '200.132.0.156', '200.132.0.156', '200.132.0.156', '200.132.0.156']"
domain11.tche.br,23,5,4,113,4,"['200.132.0.156', '200.132.0.156', '200.132.0.156', '200.132.0.156', '200.132.0.156']"
domain12.tche.br,4,5,60,113,4,"['200.132.0.156', '200.132.0.156', '200.132.0.156', '200.132.0.156', '200.132.0.156']"
domain13.tche.br,5,5,58,113,4,"['200.132.0.156', '200.132.0.156', '200.132.0.156', '200.132.0.156', '200.132.0.156']"
domain14.tche.br,26,5,21,113,4,"['200.132.0.156', '200.132.0.156', '200.132.0.156', '200.132.0.156', '200.132.0.156']"
domain15.tche.br,24,7,4,112,4,"['200.132.0.156', '200.132.0.156', '200.132.0.156', '200.132.0.156', '200.132.0.156']"
domain16.tche.br,4,5,4,112,4,"['200.132.0.156', '200.132.0.156', '200.132.0.156', '200.132.0.156', '200.132.0.156']"
domain17.tche.br,26,4,4,113,4,"['200.132.0.156', '200.132.0.156', '200.132.0.156', '200.132.0.156', '200.132.0.156']"
domain18.tche.br,4,5,4,113,4,"['200.132.0.156', '200.132.0.156', '200.132.0.156', '200.132.0.156', '200.132.0.156']"
domain19.tche.br,4,11,58,114,4,"['200.132.0.156', '200.132.0.156', '200.132.0.156', '200.132.0.156', '200.132.0.156']"
domain20.tche.br,5,4,60,113,4,"['200.132.0.156', '200.132.0.156', '200.132.0.156', '200.132.0.156', '200.132.0.156']"
tabsite.com,4,5,126,112,331,"['142.93.245.3', '142.93.245.3', '142.93.245.3', '142.93.245.3', '142.93.245.3']"
yuukagetsu.com,4,6,304,114,605,"['153.127.214.195', '153.127.214.195', '153.127.214.195', '153.127.214.195', '153.127.214.195']"
kafene.com,5,5,310,113,4,"['172.67.139.4', '104.21.46.126', '104.21.46.126', '172.67.139.4', '104.21.46.126', '172.67.139.4', '172.67.139.4', '104.21.46.126', '104.21.46.126', '172.67.139.4']"
yuzu-tosou.com,5,5,724,112,1373,"['183.181.82.28', '183.181.82.28', '183.181.82.28', '183.181.82.28', '183.181.82.28']"
lotzadollars.com,112,4,322,112,443,"['64.59.81.118', '64.59.81.118', '64.59.81.118', '64.59.81.118', '64.59.81.118']"
ywproperty.com,5,4,5,113,4,"['192.124.249.179', '192.124.249.179', '192.124.249.179', '192.124.249.179', '192.124.249.179']"
yxbabe.com,334,5,737,113,3,"['47.108.200.10', '47.108.200.10', '47.108.200.10', '47.108.200.10', '47.108.200.10']"
gtd4xzbo4mycmst.com,0,0,0,0,0,[]
joyfulhour.net,113,6,114,113,5,"['3.33.130.190', '15.197.148.33', '15.197.148.33', '3.33.130.190', '3.33.130.190', '15.197.148.33', '3.33.130.190', '15.197.148.33', '15.197.148.33', '3.33.130.190']"
bentoncollections.com,5,4,5,111,119,"['23.227.38.32', '23.227.38.32', '23.227.38.32', '23.227.38.32', '23.227.38.32']"
yyfxgzs.com,0,0,0,0,0,[]
bonpost.ru,5,5,205,113,842,"['190.2.148.60', '190.2.148.60', '190.2.148.60', '190.2.148.60', '190.2.148.60']"
notary.net,4,5,5,111,9,"['97.64.129.7', '97.64.129.7', '97.64.129.7', '97.64.129.7', '97.64.129.7']"
yywater.tw,5,5,4,112,4,"['85.187.128.60', '85.187.128.60', '85.187.128.60', '85.187.128.60', '85.187.128.60']"
shopiro.ca,5,5,4,111,4,"['51.222.110.142', '51.222.110.142', '51.222.110.142', '51.222.110.142', '51.222.110.142']"
facetfiez.space,8,5,8,111,4,"['172.67.219.46', '104.21.45.210', '104.21.45.210', '172.67.219.46', '172.67.219.46', '104.21.45.210', '104.21.45.210', '172.67.219.46', '172.67.219.46', '104.21.45.210']"
yztown.vip,10,5,4,112,3,"['199.59.243.223', '199.59.243.223', '199.59.243.223', '199.59.243.223', '199.59.243.223']"
openhealthnews.com,6,9,5,111,146,"['172.67.222.208', '104.21.62.98', '104.21.62.98', '172.67.222.208', '104.21.62.98', '172.67.222.208', '172.67.222.208', '104.21.62.98', '104.21.62.98', '172.67.222.208']"
euniverse.com,0,0,0,112,0,['52.15.96.207']
freestart.hu,166,11,132,112,924,"['161.35.220.214', '161.35.220.214', '161.35.220.214', '161.35.220.214', '161.35.220.214']"
google.com,5,5,4,112,59,"['142.250.218.238', '142.251.129.110', '142.250.79.206', '142.250.81.238', '142.250.219.206']"
youtube.com,5,5,4,112,5,"['142.251.128.142', '142.251.129.238', '142.251.129.206', '142.251.40.206', '142.251.128.142']"
facebook.com,4,6,3,112,5,"['157.240.12.35', '157.240.222.35', '31.13.85.36', '157.240.241.35', '157.240.12.35']"
a-msedge.net,0,0,0,0,0,[]
microsoft.com,4,6,4,112,4,"['20.81.111.85', '20.84.181.62', '20.103.85.33', '20.53.203.50', '20.112.52.29', '20.112.52.29', '20.84.181.62', '20.103.85.33', '20.53.203.50', '20.81.111.85', '20.112.52.29', '20.53.203.50', '20.81.111.85', '20.103.85.33', '20.84.181.62', '20.81.111.85', '20.84.181.62', '20.103.85.33', '20.53.203.50', '20.112.52.29', '20.103.85.33', '20.112.52.29', '20.53.203.50', '20.81.111.85', '20.84.181.62']"
netflix.com,7,5,4,113,7,"['3.225.92.8', '54.160.93.182', '3.211.157.115', '54.160.93.182', '3.211.157.115', '3.225.92.8', '54.237.226.164', '3.230.129.93', '52.3.144.142', '3.225.92.8', '3.211.157.115', '54.160.93.182', '52.3.144.142', '54.237.226.164', '3.230.129.93']"
epicgames.com,6,6,4,116,4,"['52.207.120.16', '18.232.4.194', '52.2.162.131', '34.193.109.40', '34.192.116.37', '3.211.207.12', '54.226.212.47', '3.211.212.74', '34.193.109.40', '54.235.191.8', '3.210.115.173', '3.86.126.224', '34.203.148.103', '54.89.15.95', '3.232.100.130', '23.20.205.194', '34.232.137.100', '52.2.162.131', '3.86.126.224', '23.20.205.194', '3.233.179.35', '3.211.207.12', '34.192.40.46', '54.226.212.47', '54.90.222.114', '34.225.166.220', '52.86.209.73', '52.207.120.16', '3.230.29.161', '34.193.109.40', '34.236.240.206', '3.210.97.92', '3.210.97.92', '3.232.100.130', '34.203.119.126', '34.225.166.220', '44.215.224.99', '52.203.14.136', '54.226.83.163', '107.23.88.204']"
akamaiedge.net,0,0,0,0,0,[]
gtld-servers.net,0,0,0,0,0,[]
twitter.com,5,6,4,130,4,"['104.244.42.193', '104.244.42.65', '104.244.42.129', '104.244.42.1', '104.244.42.65', '104.244.42.129', '104.244.42.1', '104.244.42.193', '104.244.42.193', '104.244.42.65', '104.244.42.1', '104.244.42.129', '104.244.42.193', '104.244.42.1', '104.244.42.65', '104.244.42.129', '104.244.42.129']"
instagram.com,4,8,4,112,5,"['157.240.12.174', '157.240.226.174', '157.240.226.174', '31.13.71.174', '157.240.12.174']"
baidu.com,4,5,4,114,5,"['39.156.66.10', '110.242.68.66', '39.156.66.10', '110.242.68.66', '39.156.66.10', '110.242.68.66', '39.156.66.10', '110.242.68.66', '110.242.68.66', '39.156.66.10']"
amazonaws.com,4,5,3,112,4,"['207.171.166.22', '72.21.206.80', '72.21.210.29', '72.21.210.29', '207.171.166.22', '72.21.206.80', '72.21.206.80', '207.171.166.22', '72.21.210.29', '72.21.206.80', '207.171.166.22', '72.21.210.29', '207.171.166.22', '72.21.206.80', '72.21.210.29']"
apple.com,4,13,4,114,4,"['17.253.144.10', '17.253.144.10', '17.253.144.10', '17.253.144.10', '17.253.144.10']"
linkedin.com,4,5,3,121,4,"['13.107.42.14', '13.107.42.14', '13.107.42.14', '13.107.42.14', '13.107.42.14']"
cloudflare.com,7,5,4,113,4,"['104.16.133.229', '104.16.132.229', '104.16.132.229', '104.16.133.229', '104.16.133.229', '104.16.132.229', '104.16.132.229', '104.16.133.229', '104.16.132.229', '104.16.133.229']"
wikipedia.org,121,14,4,117,140,"['208.80.154.224', '208.80.154.224', '208.80.154.224', '208.80.154.224', '208.80.154.224']"
yahoo.com,4,5,4,114,5,"['74.6.231.20', '74.6.143.25', '34.225.127.72', '54.161.105.65', '74.6.143.26', '98.137.11.164', '98.137.11.163', '74.6.231.21', '74.6.143.26', '98.137.11.163', '74.6.143.25', '34.225.127.72', '98.137.11.164', '54.161.105.65', '74.6.231.20', '74.6.231.21', '34.225.127.72', '74.6.143.25', '74.6.231.21', '98.137.11.163', '54.161.105.65', '74.6.143.26', '74.6.231.20', '98.137.11.164', '74.6.143.25', '98.137.11.163', '54.161.105.65', '74.6.231.20', '34.225.127.72', '74.6.143.26', '74.6.231.21', '98.137.11.164', '74.6.231.20', '74.6.231.21', '98.137.11.163', '98.137.11.164', '34.225.127.72', '54.161.105.65', '74.6.143.25', '74.6.143.26']"
qq.com,329,5,4,113,4,"['203.205.254.157', '123.151.137.18', '61.129.7.47', '183.3.226.35', '183.3.226.35', '203.205.254.157', '123.151.137.18', '61.129.7.47', '183.3.226.35', '61.129.7.47', '123.151.137.18', '203.205.254.157', '61.129.7.47', '183.3.226.35', '203.205.254.157', '123.151.137.18', '183.3.226.35', '203.205.254.157', '61.129.7.47', '123.151.137.18']"
akamai.net,0,0,0,0,0,[]
domain1.tche.br,4,13,101,113,131,"['200.132.0.156', '200.132.0.156', '200.132.0.156', '200.132.0.156', '200.132.0.156']"
domain2.tche.br,5,11,4,112,131,"['200.132.0.156', '200.132.0.156', '200.132.0.156', '200.132.0.156', '200.132.0.156']"
domain3.tche.br,24,5,5,113,126,"['200.132.0.156', '200.132.0.156', '200.132.0.156', '200.132.0.156', '200.132.0.156']"
domain4.tche.br,4,5,5,113,4,"['200.132.0.156', '200.132.0.156', '200.132.0.156', '200.132.0.156', '200.132.0.156']"
domain5.tche.br,5,4,4,114,125,"['200.132.0.156', '200.132.0.156', '200.132.0.156', '200.132.0.156', '200.132.0.156']"
domain6.tche.br,5,7,4,114,130,"['200.132.0.156', '200.132.0.156', '200.132.0.156', '200.132.0.156', '200.132.0.156']"
domain7.tche.br,25,4,5,112,130,"['200.132.0.156', '200.132.0.156', '200.132.0.156', '200.132.0.156', '200.132.0.156']"
domain8.tche.br,25,4,59,114,677,"['200.132.0.156', '200.132.0.156', '200.132.0.156', '200.132.0.156', '200.132.0.156']"
domain9.tche.br,5,6,5,113,330,"['200.132.0.156', '200.132.0.156', '200.132.0.156', '200.132.0.156', '200.132.0.156']"
domain10.tche.br,22,5,57,112,4,"['200.132.0.156', '200.132.0.156', '200.132.0.156', '200.132.0.156', '200.132.0.156']"
domain11.tche.br,27,5,22,114,4,"['200.132.0.156', '200.132.0.156', '200.132.0.156', '200.132.0.156', '200.132.0.156']"
domain12.tche.br,20,4,5,112,4,"['200.132.0.156', '200.132.0.156', '200.132.0.156', '200.132.0.156', '200.132.0.156']"
domain13.tche.br,4,6,4,111,4,"['200.132.0.156', '200.132.0.156', '200.132.0.156', '200.132.0.156', '200.132.0.156']"
domain14.tche.br,3,5,60,113,4,"['200.132.0.156', '200.132.0.156', '200.132.0.156', '200.132.0.156', '200.132.0.156']"
domain15.tche.br,6,5,22,120,4,"['200.132.0.156', '200.132.0.156', '200.132.0.156', '200.132.0.156', '200.132.0.156']"
domain16.tche.br,5,5,21,112,4,"['200.132.0.156', '200.132.0.156', '200.132.0.156', '200.132.0.156', '200.132.0.156']"
domain17.tche.br,5,5,4,113,4,"['200.132.0.156', '200.132.0.156', '200.132.0.156', '200.132.0.156', '200.132.0.156']"
domain18.tche.br,27,5,4,113,4,"['200.132.0.156', '200.132.0.156', '200.132.0.156', '200.132.0.156', '200.132.0.156']"
domain19.tche.br,4,5,5,113,5,"['200.132.0.156', '200.132.0.156', '200.132.0.156', '200.132.0.156', '200.132.0.156']"
domain20.tche.br,4,6,4,113,4,"['200.132.0.156', '200.132.0.156', '200.132.0.156', '200.132.0.156', '200.132.0.156']"
tabsite.com,127,6,117,112,4,"['142.93.245.3', '142.93.245.3', '142.93.245.3', '142.93.245.3', '142.93.245.3']"
yuukagetsu.com,3,5,4,113,597,"['153.127.214.195', '153.127.214.195', '153.127.214.195', '153.127.214.195', '153.127.214.195']"
kafene.com,5,5,5,112,121,"['104.21.46.126', '172.67.139.4', '104.21.46.126', '172.67.139.4', '104.21.46.126', '172.67.139.4', '172.67.139.4', '104.21.46.126', '172.67.139.4', '104.21.46.126']"
yuzu-tosou.com,264,4,291,112,4,"['183.181.82.28', '183.181.82.28', '183.181.82.28', '183.181.82.28', '183.181.82.28']"
lotzadollars.com,111,5,274,113,314,"['64.59.81.118', '64.59.81.118', '64.59.81.118', '64.59.81.118', '64.59.81.118']"
ywproperty.com,4,5,4,112,4,"['192.124.249.179', '192.124.249.179', '192.124.249.179', '192.124.249.179', '192.124.249.179']"
yxbabe.com,4,5,5,112,4310,"['47.108.200.10', '47.108.200.10', '47.108.200.10', '47.108.200.10', '47.108.200.10']"
gtd4xzbo4mycmst.com,0,0,0,0,0,[]
joyfulhour.net,5,5,5,113,7,"['3.33.130.190', '15.197.148.33', '15.197.148.33', '3.33.130.190', '3.33.130.190', '15.197.148.33', '3.33.130.190', '15.197.148.33', '15.197.148.33', '3.33.130.190']"
bentoncollections.com,4,5,5,112,4,"['23.227.38.32', '23.227.38.32', '23.227.38.32', '23.227.38.32', '23.227.38.32']"
yyfxgzs.com,0,0,0,0,0,[]
bonpost.ru,4,5,642,113,965,"['190.2.148.60', '190.2.148.60', '190.2.148.60', '190.2.148.60', '190.2.148.60']"
notary.net,7,4,5,111,9,"['97.64.129.7', '97.64.129.7', '97.64.129.7', '97.64.129.7', '97.64.129.7']"
yywater.tw,3,5,7,112,4,"['85.187.128.60', '85.187.128.60', '85.187.128.60', '85.187.128.60', '85.187.128.60']"
shopiro.ca,4,4,162,111,4,"['51.222.110.142', '51.222.110.142', '51.222.110.142', '51.222.110.142', '51.222.110.142']"
facetfiez.space,4,5,9,113,119,"['172.67.219.46', '104.21.45.210', '104.21.45.210', '172.67.219.46', '104.21.45.210', '172.67.219.46', '104.21.45.210', '172.67.219.46', '172.67.219.46', '104.21.45.210']"
yztown.vip,5,8,4,112,7,"['199.59.243.223', '199.59.243.223', '199.59.243.223', '199.59.243.223', '199.59.243.223']"
openhealthnews.com,4,4,7,112,13,"['172.67.222.208', '104.21.62.98', '104.21.62.98', '172.67.222.208', '172.67.222.208', '104.21.62.98', '172.67.222.208', '104.21.62.98', '104.21.62.98', '172.67.222.208']"
euniverse.com,0,0,0,113,0,['52.15.96.207']
freestart.hu,4,5,5,113,121,"['161.35.220.214', '161.35.220.214', '161.35.220.214', '161.35.220.214', '161.35.220.214']"
google.com,5,5,4,111,54,"['142.251.128.78', '142.251.129.110', '142.250.219.174', '142.250.81.238', '142.250.219.206']"
youtube.com,3,5,6,111,60,"['142.251.128.142', '142.251.129.238', '142.251.128.142', '142.250.64.78', '142.251.128.142']"
facebook.com,3,5,4,112,4,"['157.240.12.35', '157.240.222.35', '157.240.12.35', '157.240.241.35', '157.240.12.35']"
a-msedge.net,0,0,0,0,0,[]
microsoft.com,4,5,5,112,5,"['20.81.111.85', '20.84.181.62', '20.103.85.33', '20.53.203.50', '20.112.52.29', '20.112.52.29', '20.84.181.62', '20.103.85.33', '20.53.203.50', '20.81.111.85', '20.53.203.50', '20.81.111.85', '20.112.52.29', '20.84.181.62', '20.103.85.33', '20.81.111.85', '20.84.181.62', '20.103.85.33', '20.53.203.50', '20.112.52.29', '20.84.181.62', '20.103.85.33', '20.112.52.29', '20.53.203.50', '20.81.111.85']"
netflix.com,8,4,5,112,9,"['54.237.226.164', '3.230.129.93', '52.3.144.142', '54.160.93.182', '3.211.157.115', '3.225.92.8', '3.230.129.93', '54.237.226.164', '52.3.144.142', '54.160.93.182', '3.225.92.8', '3.211.157.115', '54.237.226.164', '3.230.129.93', '52.3.144.142']"
epicgames.com,7,5,6,112,5,"['54.89.15.95', '3.232.100.130', '3.223.206.124', '52.86.209.73', '23.20.205.194', '3.233.179.35', '54.226.83.163', '174.129.246.223', '34.193.109.40', '54.235.191.8', '3.210.115.173', '3.86.126.224', '34.203.148.103', '54.89.15.95', '3.232.100.130', '23.20.205.194', '3.211.212.74', '54.157.155.117', '54.90.222.114', '54.226.212.47', '52.86.209.73', '52.22.82.88', '3.210.115.173', '54.210.212.240', '54.90.222.114', '34.225.166.220', '52.86.209.73', '52.207.120.16', '3.230.29.161', '34.193.109.40', '34.236.240.206', '3.210.97.92', '54.89.15.95', '54.157.155.117', '3.223.206.124', '34.193.109.40', '34.203.119.126', '34.203.148.103', '44.215.224.99', '52.86.209.73']"
akamaiedge.net,0,0,0,0,0,[]
gtld-servers.net,0,0,0,0,0,[]
twitter.com,5,5,4,113,4,"['104.244.42.193', '104.244.42.65', '104.244.42.129', '104.244.42.1', '104.244.42.193', '104.244.42.193', '104.244.42.129', '104.244.42.1', '104.244.42.65', '104.244.42.193', '104.244.42.1', '104.244.42.65', '104.244.42.129', '104.244.42.193', '104.244.42.1', '104.244.42.65', '104.244.42.129']"
instagram.com,4,5,4,112,5,"['157.240.12.174', '157.240.226.174', '157.240.226.174', '31.13.71.174', '157.240.12.174']"
baidu.com,4,4,4,113,4,"['110.242.68.66', '39.156.66.10', '39.156.66.10', '110.242.68.66', '110.242.68.66', '39.156.66.10', '39.156.66.10', '110.242.68.66', '110.242.68.66', '39.156.66.10']"
amazonaws.com,4,5,3,112,4,"['207.171.166.22', '72.21.206.80', '72.21.210.29', '72.21.210.29', '207.171.166.22', '72.21.206.80', '72.21.206.80', '207.171.166.22', '72.21.210.29', '207.171.166.22', '72.21.210.29', '72.21.206.80', '72.21.210.29', '207.171.166.22', '72.21.206.80']"
apple.com,3,4,4,112,4,"['17.253.144.10', '17.253.144.10', '17.253.144.10', '17.253.144.10', '17.253.144.10']"
linkedin.com,4,4,3,113,4,"['13.107.42.14', '13.107.42.14', '13.107.42.14', '13.107.42.14', '13.107.42.14']"
cloudflare.com,4,5,4,112,4,"['104.16.133.229', '104.16.132.229', '104.16.132.229', '104.16.133.229', '104.16.133.229', '104.16.132.229', '104.16.132.229', '104.16.133.229', '104.16.133.229', '104.16.132.229']"
wikipedia.org,4,4,4,111,192,"['208.80.154.224', '208.80.154.224', '208.80.154.224', '208.80.154.224', '208.80.154.224']"
yahoo.com,5,5,4,114,5,"['74.6.231.20', '98.137.11.164', '74.6.143.25', '98.137.11.163', '34.225.127.72', '74.6.231.21', '74.6.143.26', '54.161.105.65', '74.6.143.26', '98.137.11.163', '74.6.143.25', '34.225.127.72', '98.137.11.164', '54.161.105.65', '74.6.231.20', '74.6.231.21', '74.6.231.21', '54.161.105.65', '98.137.11.163', '74.6.143.26', '74.6.143.25', '98.137.11.164', '34.225.127.72', '74.6.231.20', '74.6.143.25', '98.137.11.163', '54.161.105.65', '74.6.231.20', '34.225.127.72', '74.6.143.26', '74.6.231.21', '98.137.11.164', '74.6.143.25', '74.6.143.26', '74.6.231.20', '74.6.231.21', '98.137.11.163', '98.137.11.164', '34.225.127.72', '54.161.105.65']"
qq.com,4,5,4,112,5,"['61.129.7.47', '183.3.226.35', '203.205.254.157', '123.151.137.18', '183.3.226.35', '203.205.254.157', '123.151.137.18', '61.129.7.47', '203.205.254.157', '123.151.137.18', '183.3.226.35', '61.129.7.47', '183.3.226.35', '203.205.254.157', '123.151.137.18', '61.129.7.47', '183.3.226.35', '203.205.254.157', '61.129.7.47', '123.151.137.18']"
akamai.net,0,0,0,0,0,[]
domain1.tche.br,5,5,23,113,4,"['200.132.0.156', '200.132.0.156', '200.132.0.156', '200.132.0.156', '200.132.0.156']"
domain2.tche.br,24,5,60,114,231,"['200.132.0.156', '200.132.0.156', '200.132.0.156', '200.132.0.156', '200.132.0.156']"
domain3.tche.br,5,4,4,112,432,"['200.132.0.156', '200.132.0.156', '200.132.0.156', '200.132.0.156', '200.132.0.156']"
domain4.tche.br,4,4,23,114,131,"['200.132.0.156', '200.132.0.156', '200.132.0.156', '200.132.0.156', '200.132.0.156']"
domain5.tche.br,25,7,23,114,125,"['200.132.0.156', '200.132.0.156', '200.132.0.156', '200.132.0.156', '200.132.0.156']"
domain6.tche.br,27,5,4,113,131,"['200.132.0.156', '200.132.0.156', '200.132.0.156', '200.132.0.156', '200.132.0.156']"
domain7.tche.br,4,5,4,113,125,"['200.132.0.156', '200.132.0.156', '200.132.0.156', '200.132.0.156', '200.132.0.156']"
domain8.tche.br,4,5,62,114,126,"['200.132.0.156', '200.132.0.156', '200.132.0.156', '200.132.0.156', '200.132.0.156']"
domain9.tche.br,5,5,23,114,4,"['200.132.0.156', '200.132.0.156', '200.132.0.156', '200.132.0.156', '200.132.0.156']"
domain10.tche.br,20,5,5,113,426,"['200.132.0.156', '200.132.0.156', '200.132.0.156', '200.132.0.156', '200.132.0.156']"
domain11.tche.br,25,5,4,113,4,"['200.132.0.156', '200.132.0.156', '200.132.0.156', '200.132.0.156', '200.132.0.156']"
domain12.tche.br,5,18,62,114,4,"['200.132.0.156', '200.132.0.156', '200.132.0.156', '200.132.0.156', '200.132.0.156']"
domain13.tche.br,4,5,5,113,4,"['200.132.0.156', '200.132.0.156', '200.132.0.156', '200.132.0.156', '200.132.0.156']"
domain14.tche.br,6,5,22,114,4,"['200.132.0.156', '200.132.0.156', '200.132.0.156', '200.132.0.156', '200.132.0.156']"
domain15.tche.br,4,5,22,114,4,"['200.132.0.156', '200.132.0.156', '200.132.0.156', '200.132.0.156', '200.132.0.156']"
domain16.tche.br,5,5,4,113,5,"['200.132.0.156', '200.132.0.156', '200.132.0.156', '200.132.0.156', '200.132.0.156']"
domain17.tche.br,8,5,23,114,4,"['200.132.0.156', '200.132.0.156', '200.132.0.156', '200.132.0.156', '200.132.0.156']"
domain18.tche.br,4,5,4,113,4,"['200.132.0.156', '200.132.0.156', '200.132.0.156', '200.132.0.156', '200.132.0.156']"
domain19.tche.br,5,4,5,113,4,"['200.132.0.156', '200.132.0.156', '200.132.0.156', '200.132.0.156', '200.132.0.156']"
domain20.tche.br,5,4,23,114,4,"['200.132.0.156', '200.132.0.156', '200.132.0.156', '200.132.0.156', '200.132.0.156']"
tabsite.com,127,5,430,113,4,"['142.93.245.3', '142.93.245.3', '142.93.245.3', '142.93.245.3', '142.93.245.3']"
yuukagetsu.com,265,5,1803,111,5,"['153.127.214.195', '153.127.214.195', '153.127.214.195', '153.127.214.195', '153.127.214.195']"
kafene.com,8,5,6,148,4,"['104.21.46.126', '172.67.139.4', '104.21.46.126', '172.67.139.4', '104.21.46.126', '172.67.139.4', '104.21.46.126', '172.67.139.4', '172.67.139.4', '104.21.46.126']"
yuzu-tosou.com,269,5,5,112,1521,"['183.181.82.28', '183.181.82.28', '183.181.82.28', '183.181.82.28', '183.181.82.28']"
lotzadollars.com,6,8,5,112,313,"['64.59.81.118', '64.59.81.118', '64.59.81.118', '64.59.81.118', '64.59.81.118']"
ywproperty.com,4,5,406,112,4,"['192.124.249.179', '192.124.249.179', '192.124.249.179', '192.124.249.179', '192.124.249.179']"
yxbabe.com,5,4,682,111,4311,"['47.108.200.10', '47.108.200.10', '47.108.200.10', '47.108.200.10', '47.108.200.10']"
gtd4xzbo4mycmst.com,0,0,0,0,0,[]
joyfulhour.net,4,6,5,112,4,"['3.33.130.190', '15.197.148.33', '15.197.148.33', '3.33.130.190', '3.33.130.190', '15.197.148.33', '3.33.130.190', '15.197.148.33', '15.197.148.33', '3.33.130.190']"
bentoncollections.com,5,5,5,112,9,"['23.227.38.32', '23.227.38.32', '23.227.38.32', '23.227.38.32', '23.227.38.32']"
yyfxgzs.com,0,0,0,0,0,[]
bonpost.ru,364,5,4,111,960,"['190.2.148.60', '190.2.148.60', '190.2.148.60', '190.2.148.60', '190.2.148.60']"
notary.net,4,5,5,112,8,"['97.64.129.7', '97.64.129.7', '97.64.129.7', '97.64.129.7', '97.64.129.7']"
yywater.tw,5,5,430,116,4,"['85.187.128.60', '85.187.128.60', '85.187.128.60', '85.187.128.60', '85.187.128.60']"
shopiro.ca,6,5,5,112,426,"['51.222.110.142', '51.222.110.142', '51.222.110.142', '51.222.110.142', '51.222.110.142']"
facetfiez.space,4,5,6,111,121,"['172.67.219.46', '104.21.45.210', '104.21.45.210', '172.67.219.46', '104.21.45.210', '172.67.219.46', '104.21.45.210', '172.67.219.46', '172.67.219.46', '104.21.45.210']"
yztown.vip,5,17,11,112,4,"['199.59.243.223', '199.59.243.223', '199.59.243.223', '199.59.243.223', '199.59.243.223']"
openhealthnews.com,8,5,5,112,4,"['104.21.62.98', '172.67.222.208', '104.21.62.98', '172.67.222.208', '104.21.62.98', '172.67.222.208', '172.67.222.208', '104.21.62.98', '104.21.62.98', '172.67.222.208']"
euniverse.com,0,0,0,112,0,['52.15.96.207']
freestart.hu,167,5,6,113,924,"['161.35.220.214', '161.35.220.214', '161.35.220.214', '161.35.220.214', '161.35.220.214']"
google.com,5,5,4,112,58,"['142.251.128.142', '142.250.219.14', '142.250.219.238', '142.250.80.46', '142.250.219.206']"
youtube.com,4,10,4,111,4,"['142.251.128.142', '142.251.129.238', '142.250.218.238', '142.250.64.78', '142.251.128.142']"
facebook.com,4,14,4,114,6,"['157.240.12.35', '157.240.222.35', '157.240.12.35', '157.240.241.35', '157.240.12.35']"
a-msedge.net,0,0,0,0,0,[]
microsoft.com,4,6,4,112,4,"['20.81.111.85', '20.84.181.62', '20.103.85.33', '20.53.203.50', '20.112.52.29', '20.112.52.29', '20.84.181.62', '20.103.85.33', '20.53.203.50', '20.81.111.85', '20.53.203.50', '20.81.111.85', '20.103.85.33', '20.112.52.29', '20.84.181.62', '20.81.111.85', '20.84.181.62', '20.103.85.33', '20.53.203.50', '20.112.52.29', '20.53.203.50', '20.81.111.85', '20.84.181.62', '20.103.85.33', '20.112.52.29']"
netflix.com,5,5,4,114,6,"['54.237.226.164', '3.230.129.93', '52.3.144.142', '54.160.93.182', '3.211.157.115', '3.225.92.8', '3.225.92.8', '3.211.157.115', '54.160.93.182', '3.225.92.8', '3.211.157.115', '54.160.93.182', '54.237.226.164', '3.230.129.93', '52.3.144.142']"
epicgames.com,5,8,5,138,4,"['3.230.29.161', '3.211.207.12', '54.90.222.114', '3.216.16.195', '34.193.109.40', '34.206.236.114', '34.232.137.100', '3.233.179.35', '34.192.40.46', '35.169.142.199', '34.232.137.100', '3.232.100.130', '52.86.209.73', '52.2.162.131', '3.216.16.195', '34.193.109.40', '107.23.88.204', '3.228.194.172', '54.90.222.114', '3.224.231.164', '174.129.246.223', '3.224.229.142', '18.213.59.57', '54.210.212.240', '52.207.120.16', '52.71.194.139', '3.232.100.130', '54.87.93.14', '54.210.212.240', '3.233.179.35', '52.22.82.88', '23.20.205.194', '3.223.206.124', '3.228.194.172', '34.203.148.103', '34.232.137.100', '52.22.82.88', '52.22.246.29', '54.197.143.69', '3.211.212.74']"
akamaiedge.net,0,0,0,0,0,[]
gtld-servers.net,0,0,0,0,0,[]
twitter.com,5,12,4,115,4,"['104.244.42.129', '104.244.42.65', '104.244.42.129', '104.244.42.1', '104.244.42.193', '104.244.42.193', '104.244.42.65', '104.244.42.1', '104.244.42.129', '104.244.42.193', '104.244.42.1', '104.244.42.65', '104.244.42.129', '104.244.42.65']"
instagram.com,7,6,4,113,46,"['157.240.12.174', '157.240.226.174', '157.240.12.174', '31.13.71.174', '157.240.12.174']"
baidu.com,4,5,4,115,5,"['39.156.66.10', '110.242.68.66', '39.156.66.10', '110.242.68.66', '110.242.68.66', '39.156.66.10', '39.156.66.10', '110.242.68.66', '110.242.68.66', '39.156.66.10']"
amazonaws.com,4,5,5,115,4,"['72.21.206.80', '207.171.166.22', '72.21.210.29', '72.21.210.29', '207.171.166.22', '72.21.206.80', '72.21.206.80', '207.171.166.22', '72.21.210.29', '207.171.166.22', '72.21.210.29', '72.21.206.80', '72.21.206.80', '72.21.210.29', '207.171.166.22']"
apple.com,3,4,4,113,4,"['17.253.144.10', '17.253.144.10', '17.253.144.10', '17.253.144.10', '17.253.144.10']"
linkedin.com,9,7,4,112,13,"['13.107.42.14', '13.107.42.14', '13.107.42.14', '13.107.42.14', '13.107.42.14']"
cloudflare.com,4,4,4,113,4,"['104.16.132.229', '104.16.133.229', '104.16.132.229', '104.16.133.229', '104.16.133.229', '104.16.132.229', '104.16.133.229', '104.16.132.229', '104.16.133.229', '104.16.132.229']"
wikipedia.org,4,5,5,112,150,"['208.80.154.224', '208.80.154.224', '208.80.154.224', '208.80.154.224', '208.80.154.224']"
yahoo.com,5,6,5,113,4,"['74.6.231.20', '74.6.143.25', '34.225.127.72', '74.6.143.26', '54.161.105.65', '98.137.11.164', '98.137.11.163', '74.6.231.21', '74.6.143.26', '98.137.11.163', '74.6.143.25', '34.225.127.72', '98.137.11.164', '54.161.105.65', '74.6.231.20', '74.6.231.21', '54.161.105.65', '98.137.11.164', '98.137.11.163', '74.6.231.20', '34.225.127.72', '74.6.143.25', '74.6.231.21', '74.6.143.26', '74.6.143.25', '98.137.11.163', '54.161.105.65', '74.6.231.20', '34.225.127.72', '74.6.143.26', '74.6.231.21', '98.137.11.164', '98.137.11.164', '34.225.127.72', '54.161.105.65', '74.6.143.25', '74.6.143.26', '74.6.231.20', '74.6.231.21', '98.137.11.163']"
qq.com,4,5,4,113,312,"['203.205.254.157', '123.151.137.18', '61.129.7.47', '183.3.226.35', '183.3.226.35', '203.205.254.157', '123.151.137.18', '61.129.7.47', '61.129.7.47', '123.151.137.18', '203.205.254.157', '183.3.226.35', '61.129.7.47', '183.3.226.35', '203.205.254.157', '123.151.137.18', '123.151.137.18', '183.3.226.35', '203.205.254.157', '61.129.7.47']"
akamai.net,0,0,0,0,0,[]
domain1.tche.br,26,21,63,112,127,"['200.132.0.156', '200.132.0.156', '200.132.0.156', '200.132.0.156', '200.132.0.156']"
domain2.tche.br,23,22,5,113,4,"['200.132.0.156', '200.132.0.156', '200.132.0.156', '200.132.0.156', '200.132.0.156']"
domain3.tche.br,4,23,5,258,125,"['200.132.0.156', '200.132.0.156', '200.132.0.156', '200.132.0.156', '200.132.0.156']"
domain4.tche.br,23,22,22,262,131,"['200.132.0.156', '200.132.0.156', '200.132.0.156', '200.132.0.156', '200.132.0.156']"
domain5.tche.br,5,22,5,114,4,"['200.132.0.156', '200.132.0.156', '200.132.0.156', '200.132.0.156', '200.132.0.156']"
domain6.tche.br,24,22,78,113,225,"['200.132.0.156', '200.132.0.156', '200.132.0.156', '200.132.0.156', '200.132.0.156']"
domain7.tche.br,26,23,4,113,4,"['200.132.0.156', '200.132.0.156', '200.132.0.156', '200.132.0.156', '200.132.0.156']"
domain8.tche.br,5,26,4,266,130,"['200.132.0.156', '200.132.0.156', '200.132.0.156', '200.132.0.156', '200.132.0.156']"
domain9.tche.br,4,22,23,112,233,"['200.132.0.156', '200.132.0.156', '200.132.0.156', '200.132.0.156', '200.132.0.156']"
domain10.tche.br,3,21,5,112,125,"['200.132.0.156', '200.132.0.156', '200.132.0.156', '200.132.0.156', '200.132.0.156']"
domain11.tche.br,26,5,5,259,4,"['200.132.0.156', '200.132.0.156', '200.132.0.156', '200.132.0.156', '200.132.0.156']"
domain12.tche.br,3,5,4,112,4,"['200.132.0.156', '200.132.0.156', '200.132.0.156', '200.132.0.156', '200.132.0.156']"
domain13.tche.br,4,5,22,113,4,"['200.132.0.156', '200.132.0.156', '200.132.0.156', '200.132.0.156', '200.132.0.156']"
domain14.tche.br,4,5,5,260,5,"['200.132.0.156', '200.132.0.156', '200.132.0.156', '200.132.0.156', '200.132.0.156']"
domain15.tche.br,1028,5,5,113,877,"['200.132.0.156', '200.132.0.156', '200.132.0.156', '200.132.0.156', '200.132.0.156']"
domain16.tche.br,4,5,22,113,4,"['200.132.0.156', '200.132.0.156', '200.132.0.156', '200.132.0.156', '200.132.0.156']"
domain17.tche.br,25,5,6,114,4,"['200.132.0.156', '200.132.0.156', '200.132.0.156', '200.132.0.156', '200.132.0.156']"
domain18.tche.br,24,5,43,114,4,"['200.132.0.156', '200.132.0.156', '200.132.0.156', '200.132.0.156', '200.132.0.156']"
domain19.tche.br,4,4,5,113,4,"['200.132.0.156', '200.132.0.156', '200.132.0.156', '200.132.0.156', '200.132.0.156']"
domain20.tche.br,4,6,21,811,4,"['200.132.0.156', '200.132.0.156', '200.132.0.156', '200.132.0.156', '200.132.0.156']"
tabsite.com,126,5,4,112,221,"['142.93.245.3', '142.93.245.3', '142.93.245.3', '142.93.245.3', '142.93.245.3']"
yuukagetsu.com,4,5,300,113,4,"['153.127.214.195', '153.127.214.195', '153.127.214.195', '153.127.214.195', '153.127.214.195']"
kafene.com,5,250,7,112,15,"['104.21.46.126', '172.67.139.4', '104.21.46.126', '172.67.139.4', '172.67.139.4', '104.21.46.126', '172.67.139.4', '104.21.46.126', '104.21.46.126', '172.67.139.4']"
yuzu-tosou.com,4,5,4,112,4,"['183.181.82.28', '183.181.82.28', '183.181.82.28', '183.181.82.28', '183.181.82.28']"
lotzadollars.com,4,160,134,112,419,"['64.59.81.118', '64.59.81.118', '64.59.81.118', '64.59.81.118', '64.59.81.118']"
ywproperty.com,4,5,4,113,4,"['192.124.249.179', '192.124.249.179', '192.124.249.179', '192.124.249.179', '192.124.249.179']"
yxbabe.com,321,8,4,113,2107,"['47.108.200.10', '47.108.200.10', '47.108.200.10', '47.108.200.10', '47.108.200.10']"
gtd4xzbo4mycmst.com,0,0,0,0,0,[]
joyfulhour.net,5,164,5,112,5,"['3.33.130.190', '15.197.148.33', '15.197.148.33', '3.33.130.190', '15.197.148.33', '3.33.130.190', '3.33.130.190', '15.197.148.33', '3.33.130.190', '15.197.148.33']"
bentoncollections.com,112,5,266,112,4,"['23.227.38.32', '23.227.38.32', '23.227.38.32', '23.227.38.32', '23.227.38.32']"
yyfxgzs.com,0,0,0,0,0,[]
bonpost.ru,5,6,4,112,1328,"['190.2.148.60', '190.2.148.60', '190.2.148.60', '190.2.148.60', '190.2.148.60']"
notary.net,4,5,6,112,4,"['97.64.129.7', '97.64.129.7', '97.64.129.7', '97.64.129.7', '97.64.129.7']"
yywater.tw,4,5,6,113,4,"['85.187.128.60', '85.187.128.60', '85.187.128.60', '85.187.128.60', '85.187.128.60']"
shopiro.ca,134,5,5,115,4,"['51.222.110.142', '51.222.110.142', '51.222.110.142', '51.222.110.142', '51.222.110.142']"
facetfiez.space,9,120,9,116,7,"['104.21.45.210', '172.67.219.46', '104.21.45.210', '172.67.219.46', '104.21.45.210', '172.67.219.46', '172.67.219.46', '104.21.45.210', '172.67.219.46', '104.21.45.210']"
yztown.vip,5,5,6,112,4,"['199.59.243.223', '199.59.243.223', '199.59.243.223', '199.59.243.223', '199.59.243.223']"
openhealthnews.com,5,59,5,112,5,"['104.21.62.98', '172.67.222.208', '172.67.222.208', '104.21.62.98', '172.67.222.208', '104.21.62.98', '172.67.222.208', '104.21.62.98', '172.67.222.208', '104.21.62.98']"
euniverse.com,0,0,0,112,0,['52.15.96.207']
freestart.hu,162,8,5,113,926,"['161.35.220.214', '161.35.220.214', '161.35.220.214', '161.35.220.214', '161.35.220.214']"
google.com,59,5,4,112,57,"['142.250.219.206', '142.250.219.14', '142.250.219.206', '142.250.81.238', '142.250.219.206']"
youtube.com,4,5,4,112,63,"['142.251.129.142', '142.251.129.238', '142.250.79.206', '142.251.40.206', '142.251.128.142']"
facebook.com,5,6,4,112,6,"['157.240.12.35', '157.240.226.35', '157.240.12.35', '157.240.241.35', '157.240.12.35']"
a-msedge.net,0,0,0,0,0,[]
microsoft.com,4,5,4,112,4,"['20.81.111.85', '20.84.181.62', '20.103.85.33', '20.53.203.50', '20.112.52.29', '20.112.52.29', '20.84.181.62', '20.103.85.33', '20.53.203.50', '20.81.111.85', '20.81.111.85', '20.103.85.33', '20.112.52.29', '20.53.203.50', '20.84.181.62', '20.81.111.85', '20.84.181.62', '20.103.85.33', '20.53.203.50', '20.112.52.29', '20.112.52.29', '20.53.203.50', '20.81.111.85', '20.84.181.62', '20.103.85.33']"
netflix.com,5,5,4,113,7,"['54.237.226.164', '3.230.129.93', '52.3.144.142', '3.230.129.93', '52.3.144.142', '54.237.226.164', '54.160.93.182', '3.225.92.8', '3.211.157.115', '3.225.92.8', '3.211.157.115', '54.160.93.182', '3.211.157.115', '3.225.92.8', '54.160.93.182']"
epicgames.com,5,5,5,113,5,"['3.224.229.142', '3.230.29.161', '54.235.191.8', '34.203.148.103', '3.224.231.164', '3.223.206.124', '34.236.240.206', '3.210.115.173', '34.192.40.46', '35.169.142.199', '34.232.137.100', '3.232.100.130', '52.86.209.73', '52.2.162.131', '3.216.16.195', '34.193.109.40', '34.236.240.206', '34.193.142.121', '34.203.148.103', '3.216.16.195', '52.203.14.136', '35.169.142.199', '34.192.40.46', '174.129.246.223', '52.207.120.16', '52.71.194.139', '3.232.100.130', '54.87.93.14', '54.210.212.240', '3.233.179.35', '52.22.82.88', '23.20.205.194', '54.90.222.114', '54.197.143.69', '54.226.212.47', '3.216.16.195', '34.192.116.37', '34.193.142.121', '34.205.180.101', '52.207.120.16']"
akamaiedge.net,0,0,0,0,0,[]
gtld-servers.net,0,0,0,0,0,[]
twitter.com,5,5,4,113,4,"['104.244.42.129', '104.244.42.65', '104.244.42.129', '104.244.42.1', '104.244.42.193', '104.244.42.65', '104.244.42.193', '104.244.42.1', '104.244.42.65', '104.244.42.129', '104.244.42.193', '104.244.42.1', '104.244.42.65', '104.244.42.129']"
instagram.com,6,5,4,112,6,"['157.240.12.174', '157.240.226.174', '157.240.12.174', '31.13.71.174', '157.240.12.174']"
baidu.com,4,5,4,329,4,"['110.242.68.66', '39.156.66.10', '39.156.66.10', '110.242.68.66', '110.242.68.66', '39.156.66.10', '39.156.66.10', '110.242.68.66', '110.242.68.66', '39.156.66.10']"
amazonaws.com,5,5,4,113,5,"['72.21.206.80', '207.171.166.22', '72.21.210.29', '72.21.210.29', '207.171.166.22', '72.21.206.80', '207.171.166.22', '72.21.206.80', '72.21.210.29', '72.21.206.80', '207.171.166.22', '72.21.210.29', '72.21.206.80', '72.21.210.29', '207.171.166.22']"
apple.com,5,5,6,116,4,"['17.253.144.10', '17.253.144.10', '17.253.144.10', '17.253.144.10', '17.253.144.10']"
linkedin.com,7,4,4,112,5,"['13.107.42.14', '13.107.42.14', '13.107.42.14', '13.107.42.14', '13.107.42.14']"
cloudflare.com,5,6,4,112,5,"['104.16.132.229', '104.16.133.229', '104.16.132.229', '104.16.133.229', '104.16.133.229', '104.16.132.229', '104.16.133.229', '104.16.132.229', '104.16.132.229', '104.16.133.229']"
wikipedia.org,4,5,4,112,149,"['208.80.154.224', '208.80.154.224', '208.80.154.224', '208.80.154.224', '208.80.154.224']"
yahoo.com,4,5,4,113,5,"['54.161.105.65', '98.137.11.164', '74.6.143.26', '74.6.231.20', '74.6.231.21', '98.137.11.163', '34.225.127.72', '74.6.143.25', '74.6.143.26', '98.137.11.163', '74.6.143.25', '34.225.127.72', '98.137.11.164', '54.161.105.65', '74.6.231.20', '74.6.231.21', '34.225.127.72', '98.137.11.164', '74.6.231.21', '98.137.11.163', '74.6.231.20', '74.6.143.25', '54.161.105.65', '74.6.143.26', '74.6.143.25', '98.137.11.163', '54.161.105.65', '74.6.231.20', '34.225.127.72', '74.6.143.26', '74.6.231.21', '98.137.11.164', '74.6.231.21', '98.137.11.163', '98.137.11.164', '34.225.127.72', '54.161.105.65', '74.6.143.25', '74.6.143.26', '74.6.231.20']"
qq.com,5,7,4,113,4,"['203.205.254.157', '123.151.137.18', '61.129.7.47', '183.3.226.35', '183.3.226.35', '203.205.254.157', '123.151.137.18', '61.129.7.47', '203.205.254.157', '183.3.226.35', '61.129.7.47', '123.151.137.18', '183.3.226.35', '203.205.254.157', '123.151.137.18', '61.129.7.47', '203.205.254.157', '61.129.7.47', '123.151.137.18', '183.3.226.35']"
akamai.net,0,0,0,0,0,[]
domain1.tche.br,5,5,4,262,132,"['200.132.0.156', '200.132.0.156', '200.132.0.156', '200.132.0.156', '200.132.0.156']"
domain2.tche.br,25,5,5,113,131,"['200.132.0.156', '200.132.0.156', '200.132.0.156', '200.132.0.156', '200.132.0.156']"
domain3.tche.br,5,5,94,114,126,"['200.132.0.156', '200.132.0.156', '200.132.0.156', '200.132.0.156', '200.132.0.156']"
domain4.tche.br,23,5,5,116,130,"['200.132.0.156', '200.132.0.156', '200.132.0.156', '200.132.0.156', '200.132.0.156']"
domain5.tche.br,24,8,4,258,131,"['200.132.0.156', '200.132.0.156', '200.132.0.156', '200.132.0.156', '200.132.0.156']"
domain6.tche.br,4,5,5,113,126,"['200.132.0.156', '200.132.0.156', '200.132.0.156', '200.132.0.156', '200.132.0.156']"
domain7.tche.br,4,5,22,261,125,"['200.132.0.156', '200.132.0.156', '200.132.0.156', '200.132.0.156', '200.132.0.156']"
domain8.tche.br,4,5,23,118,126,"['200.132.0.156', '200.132.0.156', '200.132.0.156', '200.132.0.156', '200.132.0.156']"
domain9.tche.br,23,4,4,114,125,"['200.132.0.156', '200.132.0.156', '200.132.0.156', '200.132.0.156', '200.132.0.156']"
domain10.tche.br,5,5,83,261,130,"['200.132.0.156', '200.132.0.156', '200.132.0.156', '200.132.0.156', '200.132.0.156']"
domain11.tche.br,23,6,5,113,4,"['200.132.0.156', '200.132.0.156', '200.132.0.156', '200.132.0.156', '200.132.0.156']"
domain12.tche.br,4,5,23,113,4,"['200.132.0.156', '200.132.0.156', '200.132.0.156', '200.132.0.156', '200.132.0.156']"
domain13.tche.br,4,6,64,113,3,"['200.132.0.156', '200.132.0.156', '200.132.0.156', '200.132.0.156', '200.132.0.156']"
domain14.tche.br,4,5,3,112,4,"['200.132.0.156', '200.132.0.156', '200.132.0.156', '200.132.0.156', '200.132.0.156']"
domain15.tche.br,4,5,4,113,4,"['200.132.0.156', '200.132.0.156', '200.132.0.156', '200.132.0.156', '200.132.0.156']"
domain16.tche.br,4,5,5,260,3,"['200.132.0.156', '200.132.0.156', '200.132.0.156', '200.132.0.156', '200.132.0.156']"
domain17.tche.br,5,5,4,113,5,"['200.132.0.156', '200.132.0.156', '200.132.0.156', '200.132.0.156', '200.132.0.156']"
domain18.tche.br,4,4,4,113,4,"['200.132.0.156', '200.132.0.156', '200.132.0.156', '200.132.0.156', '200.132.0.156']"
domain19.tche.br,5,5,64,113,4,"['200.132.0.156', '200.132.0.156', '200.132.0.156', '200.132.0.156', '200.132.0.156']"
domain20.tche.br,5,5,4,112,4,"['200.132.0.156', '200.132.0.156', '200.132.0.156', '200.132.0.156', '200.132.0.156']"
tabsite.com,4,5,5,111,223,"['142.93.245.3', '142.93.245.3', '142.93.245.3', '142.93.245.3', '142.93.245.3']"
yuukagetsu.com,5,4,5,112,4,"['153.127.214.195', '153.127.214.195', '153.127.214.195', '153.127.214.195', '153.127.214.195']"
kafene.com,7,5,242,112,116,"['104.21.46.126', '172.67.139.4', '104.21.46.126', '172.67.139.4', '172.67.139.4', '104.21.46.126', '104.21.46.126', '172.67.139.4', '104.21.46.126', '172.67.139.4']"
yuzu-tosou.com,270,5,5,113,5,"['183.181.82.28', '183.181.82.28', '183.181.82.28', '183.181.82.28', '183.181.82.28']"
lotzadollars.com,4,5,322,112,448,"['64.59.81.118', '64.59.81.118', '64.59.81.118', '64.59.81.118', '64.59.81.118']"
ywproperty.com,111,5,374,112,4,"['192.124.249.179', '192.124.249.179', '192.124.249.179', '192.124.249.179', '192.124.249.179']"
yxbabe.com,4,5,339,112,2107,"['47.108.200.10', '47.108.200.10', '47.108.200.10', '47.108.200.10', '47.108.200.10']"
gtd4xzbo4mycmst.com,0,0,0,0,0,[]
joyfulhour.net,4,5,4,112,8,"['3.33.130.190', '15.197.148.33', '15.197.148.33', '3.33.130.190', '15.197.148.33', '3.33.130.190', '3.33.130.190', '15.197.148.33', '3.33.130.190', '15.197.148.33']"
bentoncollections.com,111,5,5,111,4,"['23.227.38.32', '23.227.38.32', '23.227.38.32', '23.227.38.32', '23.227.38.32']"
yyfxgzs.com,0,0,0,0,0,[]
bonpost.ru,322,5,4,112,716,"['190.2.148.60', '190.2.148.60', '190.2.148.60', '190.2.148.60', '190.2.148.60']"
notary.net,4,5,7,112,7,"['97.64.129.7', '97.64.129.7', '97.64.129.7', '97.64.129.7', '97.64.129.7']"
yywater.tw,64,5,4,112,651,"['85.187.128.60', '85.187.128.60', '85.187.128.60', '85.187.128.60', '85.187.128.60']"
shopiro.ca,138,5,4,112,4,"['51.222.110.142', '51.222.110.142', '51.222.110.142', '51.222.110.142', '51.222.110.142']"
facetfiez.space,4,5,6,111,7,"['172.67.219.46', '104.21.45.210', '104.21.45.210', '172.67.219.46', '172.67.219.46', '104.21.45.210', '172.67.219.46', '104.21.45.210', '104.21.45.210', '172.67.219.46']"
yztown.vip,4,5,5,111,3,"['199.59.243.223', '199.59.243.223', '199.59.243.223', '199.59.243.223', '199.59.243.223']"
openhealthnews.com,4,5,6,111,116,"['104.21.62.98', '172.67.222.208', '172.67.222.208', '104.21.62.98', '172.67.222.208', '104.21.62.98', '104.21.62.98', '172.67.222.208', '172.67.222.208', '104.21.62.98']"
euniverse.com,0,0,0,112,0,['52.15.96.207']
freestart.hu,168,5,508,193,121,"['161.35.220.214', '161.35.220.214', '161.35.220.214', '161.35.220.214', '161.35.220.214']"
google.com,4,4,4,111,61,"['142.250.219.142', '142.250.219.14', '142.251.129.238', '142.250.80.46', '142.250.219.206']"
youtube.com,121,6,4,113,60,"['142.251.128.142', '142.251.129.238', '142.251.128.14', '142.250.64.78', '142.251.128.142']"
facebook.com,6,5,4,112,6,"['157.240.12.35', '157.240.226.35', '157.240.12.35', '157.240.241.35', '157.240.12.35']"
a-msedge.net,0,0,0,0,0,[]
microsoft.com,4,5,4,112,5,"['20.81.111.85', '20.84.181.62', '20.103.85.33', '20.53.203.50', '20.112.52.29', '20.112.52.29', '20.84.181.62', '20.103.85.33', '20.53.203.50', '20.81.111.85', '20.53.203.50', '20.103.85.33', '20.81.111.85', '20.112.52.29', '20.84.181.62', '20.81.111.85', '20.84.181.62', '20.103.85.33', '20.53.203.50', '20.112.52.29', '20.53.203.50', '20.81.111.85', '20.84.181.62', '20.103.85.33', '20.112.52.29']"
netflix.com,9,4,4,112,6,"['54.160.93.182', '3.225.92.8', '3.211.157.115', '3.230.129.93', '52.3.144.142', '54.237.226.164', '52.3.144.142', '3.230.129.93', '54.237.226.164', '3.225.92.8', '3.211.157.115', '54.160.93.182', '3.225.92.8', '54.160.93.182', '3.211.157.115']"
epicgames.com,4,5,5,116,7,"['3.86.126.224', '52.2.162.131', '34.236.240.206', '52.71.194.139', '23.20.205.194', '54.226.83.163', '107.23.88.204', '54.197.143.69', '34.192.40.46', '35.169.142.199', '34.232.137.100', '3.232.100.130', '52.86.209.73', '52.2.162.131', '3.216.16.195', '34.193.109.40', '3.216.16.195', '3.230.29.161', '34.206.236.114', '3.232.100.130', '52.22.82.88', '34.193.109.40', '3.210.115.173', '35.169.142.199', '34.205.180.101', '54.89.15.95', '3.210.97.92', '35.169.142.199', '3.224.231.164', '52.207.120.16', '34.193.142.121', '3.224.229.142', '54.235.191.8', '3.224.229.142', '3.232.100.130', '34.193.109.40', '34.203.148.103', '54.197.143.69', '54.226.83.163', '54.226.212.47']"
akamaiedge.net,0,0,0,0,0,[]
gtld-servers.net,0,0,0,0,0,[]
twitter.com,5,5,5,113,4,"['104.244.42.1', '104.244.42.65', '104.244.42.129', '104.244.42.1', '104.244.42.193', '104.244.42.193', '104.244.42.129', '104.244.42.65', '104.244.42.1', '104.244.42.193', '104.244.42.1', '104.244.42.65', '104.244.42.129', '104.244.42.1']"
instagram.com,4,4,4,111,5,"['157.240.12.174', '157.240.226.174', '157.240.226.174', '31.13.71.174', '157.240.12.174']"
baidu.com,4,5,4,114,4,"['39.156.66.10', '110.242.68.66', '39.156.66.10', '110.242.68.66', '39.156.66.10', '110.242.68.66', '39.156.66.10', '110.242.68.66', '39.156.66.10', '110.242.68.66']"
amazonaws.com,4,5,4,113,5,"['72.21.206.80', '72.21.210.29', '207.171.166.22', '72.21.210.29', '207.171.166.22', '72.21.206.80', '72.21.210.29', '72.21.206.80', '207.171.166.22', '72.21.206.80', '207.171.166.22', '72.21.210.29', '72.21.206.80', '72.21.210.29', '207.171.166.22']"
apple.com,5,4,3,113,4,"['17.253.144.10', '17.253.144.10', '17.253.144.10', '17.253.144.10', '17.253.144.10']"
linkedin.com,12,5,4,116,14,"['13.107.42.14', '13.107.42.14', '13.107.42.14', '13.107.42.14', '13.107.42.14']"
cloudflare.com,7,6,4,112,4,"['104.16.132.229', '104.16.133.229', '104.16.132.229', '104.16.133.229', '104.16.133.229', '104.16.132.229', '104.16.133.229', '104.16.132.229', '104.16.133.229', '104.16.132.229']"
wikipedia.org,5,4,4,113,187,"['208.80.154.224', '208.80.154.224', '208.80.154.224', '208.80.154.224', '208.80.154.224']"
yahoo.com,4,5,4,114,4,"['74.6.143.26', '98.137.11.164', '54.161.105.65', '74.6.143.25', '34.225.127.72', '74.6.231.20', '74.6.231.21', '98.137.11.163', '74.6.143.26', '98.137.11.163', '74.6.143.25', '34.225.127.72', '98.137.11.164', '54.161.105.65', '74.6.231.20', '74.6.231.21', '54.161.105.65', '74.6.231.20', '98.137.11.164', '74.6.143.25', '74.6.231.21', '98.137.11.163', '34.225.127.72', '74.6.143.26', '74.6.143.25', '98.137.11.163', '54.161.105.65', '74.6.231.20', '34.225.127.72', '74.6.143.26', '74.6.231.21', '98.137.11.164', '74.6.143.26', '74.6.231.20', '74.6.231.21', '98.137.11.163', '98.137.11.164', '34.225.127.72', '54.161.105.65', '74.6.143.25']"
qq.com,5,6,4,116,4,"['203.205.254.157', '123.151.137.18', '61.129.7.47', '183.3.226.35', '183.3.226.35', '203.205.254.157', '123.151.137.18', '61.129.7.47', '61.129.7.47', '183.3.226.35', '123.151.137.18', '203.205.254.157', '183.3.226.35', '203.205.254.157', '123.151.137.18', '61.129.7.47', '183.3.226.35', '203.205.254.157', '61.129.7.47', '123.151.137.18']"
akamai.net,0,0,0,0,0,[]
domain1.tche.br,4,4,3,114,4,"['200.132.0.156', '200.132.0.156', '200.132.0.156', '200.132.0.156', '200.132.0.156']"
domain2.tche.br,5,5,22,266,125,"['200.132.0.156', '200.132.0.156', '200.132.0.156', '200.132.0.156', '200.132.0.156']"
domain3.tche.br,4,6,66,264,4,"['200.132.0.156', '200.132.0.156', '200.132.0.156', '200.132.0.156', '200.132.0.156']"
domain4.tche.br,25,5,5,114,4,"['200.132.0.156', '200.132.0.156', '200.132.0.156', '200.132.0.156', '200.132.0.156']"
domain5.tche.br,21,5,4,113,4,"['200.132.0.156', '200.132.0.156', '200.132.0.156', '200.132.0.156', '200.132.0.156']"
domain6.tche.br,24,5,4,266,4,"['200.132.0.156', '200.132.0.156', '200.132.0.156', '200.132.0.156', '200.132.0.156']"
domain7.tche.br,5,4,5,114,125,"['200.132.0.156', '200.132.0.156', '200.132.0.156', '200.132.0.156', '200.132.0.156']"
domain8.tche.br,21,5,6,262,4,"['200.132.0.156', '200.132.0.156', '200.132.0.156', '200.132.0.156', '200.132.0.156']"
domain9.tche.br,4,5,5,113,433,"['200.132.0.156', '200.132.0.156', '200.132.0.156', '200.132.0.156', '200.132.0.156']"
domain10.tche.br,5,4,4,113,130,"['200.132.0.156', '200.132.0.156', '200.132.0.156', '200.132.0.156', '200.132.0.156']"
domain11.tche.br,4,5,64,113,4,"['200.132.0.156', '200.132.0.156', '200.132.0.156', '200.132.0.156', '200.132.0.156']"
domain12.tche.br,5,5,5,260,4,"['200.132.0.156', '200.132.0.156', '200.132.0.156', '200.132.0.156', '200.132.0.156']"
domain13.tche.br,4,5,22,118,4,"['200.132.0.156', '200.132.0.156', '200.132.0.156', '200.132.0.156', '200.132.0.156']"
domain14.tche.br,4,5,5,112,4,"['200.132.0.156', '200.132.0.156', '200.132.0.156', '200.132.0.156', '200.132.0.156']"
domain15.tche.br,25,5,63,113,4,"['200.132.0.156', '200.132.0.156', '200.132.0.156', '200.132.0.156', '200.132.0.156']"
domain16.tche.br,26,5,5,113,4,"['200.132.0.156', '200.132.0.156', '200.132.0.156', '200.132.0.156', '200.132.0.156']"
domain17.tche.br,4,6,7,113,5,"['200.132.0.156', '200.132.0.156', '200.132.0.156', '200.132.0.156', '200.132.0.156']"
domain18.tche.br,5,5,4,261,4,"['200.132.0.156', '200.132.0.156', '200.132.0.156', '200.132.0.156', '200.132.0.156']"
domain19.tche.br,26,5,4,115,4,"['200.132.0.156', '200.132.0.156', '200.132.0.156', '200.132.0.156', '200.132.0.156']"
domain20.tche.br,4,5,89,113,4,"['200.132.0.156', '200.132.0.156', '200.132.0.156', '200.132.0.156', '200.132.0.156']"
tabsite.com,128,6,119,112,331,"['142.93.245.3', '142.93.245.3', '142.93.245.3', '142.93.245.3', '142.93.245.3']"
yuukagetsu.com,262,5,5,112,4,"['153.127.214.195', '153.127.214.195', '153.127.214.195', '153.127.214.195', '153.127.214.195']"
kafene.com,5,10,7,112,141,"['104.21.46.126', '172.67.139.4', '104.21.46.126', '172.67.139.4', '172.67.139.4', '104.21.46.126', '172.67.139.4', '104.21.46.126', '104.21.46.126', '172.67.139.4']"
yuzu-tosou.com,4,4,4,114,1374,"['183.181.82.28', '183.181.82.28', '183.181.82.28', '183.181.82.28', '183.181.82.28']"
lotzadollars.com,113,5,4,112,417,"['64.59.81.118', '64.59.81.118', '64.59.81.118', '64.59.81.118', '64.59.81.118']"
ywproperty.com,4,5,115,113,4,"['192.124.249.179', '192.124.249.179', '192.124.249.179', '192.124.249.179', '192.124.249.179']"
yxbabe.com,4,5,189,112,4,"['47.108.200.10', '47.108.200.10', '47.108.200.10', '47.108.200.10', '47.108.200.10']"
gtd4xzbo4mycmst.com,0,0,0,0,0,[]
joyfulhour.net,5,10,114,115,142,"['3.33.130.190', '15.197.148.33', '15.197.148.33', '3.33.130.190', '3.33.130.190', '15.197.148.33', '3.33.130.190', '15.197.148.33', '15.197.148.33', '3.33.130.190']"
bentoncollections.com,4,5,4,112,4,"['23.227.38.32', '23.227.38.32', '23.227.38.32', '23.227.38.32', '23.227.38.32']"
yyfxgzs.com,0,0,0,0,0,[]
bonpost.ru,232,4,647,112,4,"['190.2.148.60', '190.2.148.60', '190.2.148.60', '190.2.148.60', '190.2.148.60']"
notary.net,4,4,5,112,4,"['97.64.129.7', '97.64.129.7', '97.64.129.7', '97.64.129.7', '97.64.129.7']"
yywater.tw,5,4,5,111,4,"['85.187.128.60', '85.187.128.60', '85.187.128.60', '85.187.128.60', '85.187.128.60']"
shopiro.ca,5,5,5,113,4,"['51.222.110.142', '51.222.110.142', '51.222.110.142', '51.222.110.142', '51.222.110.142']"
facetfiez.space,10,5,4,119,223,"['172.67.219.46', '104.21.45.210', '104.21.45.210', '172.67.219.46', '104.21.45.210', '172.67.219.46', '104.21.45.210', '172.67.219.46', '172.67.219.46', '104.21.45.210']"
yztown.vip,5,5,4,112,4,"['199.59.243.223', '199.59.243.223', '199.59.243.223', '199.59.243.223', '199.59.243.223']"
openhealthnews.com,8,5,4,112,128,"['172.67.222.208', '104.21.62.98', '172.67.222.208', '104.21.62.98', '172.67.222.208', '104.21.62.98', '104.21.62.98', '172.67.222.208', '104.21.62.98', '172.67.222.208']"
euniverse.com,0,0,0,112,0,['52.15.96.207']
freestart.hu,162,5,5,112,122,"['161.35.220.214', '161.35.220.214', '161.35.220.214', '161.35.220.214', '161.35.220.214']"
google.com,4,5,4,112,54,"['142.251.128.142', '142.250.219.14', '142.250.219.238', '142.250.80.46', '142.250.219.206']"
youtube.com,63,5,4,112,4,"['142.251.128.142', '142.251.129.238', '142.251.128.142', '142.251.40.206', '142.250.219.46']"
facebook.com,163,5,4,111,4,"['157.240.12.35', '157.240.226.35', '157.240.226.35', '31.13.67.35', '157.240.12.35']"
a-msedge.net,0,0,0,0,0,[]
microsoft.com,4,5,4,114,4,"['20.81.111.85', '20.84.181.62', '20.103.85.33', '20.53.203.50', '20.112.52.29', '20.112.52.29', '20.84.181.62', '20.103.85.33', '20.53.203.50', '20.81.111.85', '20.103.85.33', '20.81.111.85', '20.112.52.29', '20.53.203.50', '20.84.181.62', '20.81.111.85', '20.84.181.62', '20.103.85.33', '20.53.203.50', '20.112.52.29', '20.112.52.29', '20.53.203.50', '20.81.111.85', '20.84.181.62', '20.103.85.33']"
netflix.com,7,5,4,121,6,"['54.237.226.164', '3.230.129.93', '52.3.144.142', '3.230.129.93', '52.3.144.142', '54.237.226.164', '3.230.129.93', '54.237.226.164', '52.3.144.142', '3.230.129.93', '52.3.144.142', '54.237.226.164', '52.3.144.142', '54.237.226.164', '3.230.129.93']"
epicgames.com,5,7,5,124,4,"['54.157.155.117', '23.20.205.194', '18.213.59.57', '3.233.179.35', '3.86.126.224', '54.197.143.69', '174.129.246.223', '52.71.194.139', '52.207.120.16', '34.192.40.46', '34.205.180.101', '3.210.97.92', '44.215.224.99', '52.22.246.29', '52.71.194.139', '52.86.209.73', '52.22.82.88', '35.169.142.199', '54.235.191.8', '3.86.126.224', '54.89.15.95', '34.205.180.101', '3.210.115.173', '3.223.206.124', '18.232.4.194', '54.197.143.69', '52.86.209.73', '34.236.240.206', '107.23.88.204', '54.90.222.114', '52.22.82.88', '54.87.93.14', '174.129.246.223', '3.230.29.161', '3.233.179.35', '34.192.40.46', '34.192.116.37', '34.236.240.206', '52.22.246.29', '107.23.88.204']"
akamaiedge.net,0,0,0,0,0,[]
gtld-servers.net,0,0,0,0,0,[]
twitter.com,6,6,4,113,4,"['104.244.42.193', '104.244.42.1', '104.244.42.129', '104.244.42.65', '104.244.42.65', '104.244.42.129', '104.244.42.1', '104.244.42.193', '104.244.42.65', '104.244.42.193', '104.244.42.129', '104.244.42.1', '104.244.42.129', '104.244.42.193']"
instagram.com,6,5,4,113,5,"['157.240.12.174', '157.240.226.174', '157.240.226.174', '31.13.71.174', '157.240.12.174']"
baidu.com,3,5,4,115,5,"['39.156.66.10', '110.242.68.66', '39.156.66.10', '110.242.68.66', '39.156.66.10', '110.242.68.66', '39.156.66.10', '110.242.68.66', '39.156.66.10', '110.242.68.66']"
amazonaws.com,4,6,4,112,4,"['72.21.210.29', '72.21.206.80', '207.171.166.22', '72.21.210.29', '207.171.166.22', '72.21.206.80', '72.21.206.80', '72.21.210.29', '207.171.166.22', '72.21.206.80', '207.171.166.22', '72.21.210.29', '72.21.206.80', '72.21.210.29', '207.171.166.22']"
apple.com,3,5,4,113,4,"['17.253.144.10', '17.253.144.10', '17.253.144.10', '17.253.144.10', '17.253.144.10']"
linkedin.com,4,4,4,112,5,"['13.107.42.14', '13.107.42.14', '13.107.42.14', '13.107.42.14', '13.107.42.14']"
cloudflare.com,7,5,4,112,4,"['104.16.133.229', '104.16.132.229', '104.16.132.229', '104.16.133.229', '104.16.132.229', '104.16.133.229', '104.16.133.229', '104.16.132.229', '104.16.132.229', '104.16.133.229']"
wikipedia.org,149,5,4,111,4,"['208.80.154.224', '208.80.154.224', '208.80.154.224', '208.80.154.224', '208.80.154.224']"
yahoo.com,4,6,5,115,5,"['54.161.105.65', '98.137.11.163', '74.6.143.26', '74.6.231.20', '74.6.231.21', '34.225.127.72', '98.137.11.164', '74.6.143.25', '74.6.143.26', '98.137.11.163', '74.6.143.25', '34.225.127.72', '98.137.11.164', '54.161.105.65', '74.6.231.20', '74.6.231.21', '98.137.11.163', '74.6.143.26', '54.161.105.65', '74.6.231.21', '34.225.127.72', '74.6.143.25', '98.137.11.164', '74.6.231.20', '74.6.143.26', '74.6.231.21', '34.225.127.72', '74.6.231.20', '98.137.11.164', '98.137.11.163', '74.6.143.25', '54.161.105.65', '74.6.231.20', '74.6.231.21', '98.137.11.163', '98.137.11.164', '34.225.127.72', '54.161.105.65', '74.6.143.25', '74.6.143.26']"
qq.com,308,5,5,112,4,"['61.129.7.47', '183.3.226.35', '203.205.254.157', '123.151.137.18', '183.3.226.35', '203.205.254.157', '123.151.137.18', '61.129.7.47', '123.151.137.18', '203.205.254.157', '61.129.7.47', '183.3.226.35', '183.3.226.35', '203.205.254.157', '123.151.137.18', '61.129.7.47', '61.129.7.47', '123.151.137.18', '183.3.226.35', '203.205.254.157']"
akamai.net,0,0,0,0,0,[]
domain1.tche.br,4,4,62,113,126,"['200.132.0.156', '200.132.0.156', '200.132.0.156', '200.132.0.156', '200.132.0.156']"
domain2.tche.br,22,5,61,113,130,"['200.132.0.156', '200.132.0.156', '200.132.0.156', '200.132.0.156', '200.132.0.156']"
domain3.tche.br,20,5,141,113,331,"['200.132.0.156', '200.132.0.156', '200.132.0.156', '200.132.0.156', '200.132.0.156']"
domain4.tche.br,5,5,5,114,131,"['200.132.0.156', '200.132.0.156', '200.132.0.156', '200.132.0.156', '200.132.0.156']"
domain5.tche.br,25,5,5,116,130,"['200.132.0.156', '200.132.0.156', '200.132.0.156', '200.132.0.156', '200.132.0.156']"
domain6.tche.br,4,5,61,112,4,"['200.132.0.156', '200.132.0.156', '200.132.0.156', '200.132.0.156', '200.132.0.156']"
domain7.tche.br,23,5,6,114,131,"['200.132.0.156', '200.132.0.156', '200.132.0.156', '200.132.0.156', '200.132.0.156']"
domain8.tche.br,6,6,61,113,727,"['200.132.0.156', '200.132.0.156', '200.132.0.156', '200.132.0.156', '200.132.0.156']"
domain9.tche.br,4,5,5,113,130,"['200.132.0.156', '200.132.0.156', '200.132.0.156', '200.132.0.156', '200.132.0.156']"
domain10.tche.br,4,5,4,112,4,"['200.132.0.156', '200.132.0.156', '200.132.0.156', '200.132.0.156', '200.132.0.156']"
domain11.tche.br,4,5,101,114,4,"['200.132.0.156', '200.132.0.156', '200.132.0.156', '200.132.0.156', '200.132.0.156']"
domain12.tche.br,23,5,5,119,4,"['200.132.0.156', '200.132.0.156', '200.132.0.156', '200.132.0.156', '200.132.0.156']"
domain13.tche.br,24,4,5,112,4,"['200.132.0.156', '200.132.0.156', '200.132.0.156', '200.132.0.156', '200.132.0.156']"
domain14.tche.br,4,5,4,113,4,"['200.132.0.156', '200.132.0.156', '200.132.0.156', '200.132.0.156', '200.132.0.156']"
domain15.tche.br,4,5,3,112,4,"['200.132.0.156', '200.132.0.156', '200.132.0.156', '200.132.0.156', '200.132.0.156']"
domain16.tche.br,4,5,5,114,4,"['200.132.0.156', '200.132.0.156', '200.132.0.156', '200.132.0.156', '200.132.0.156']"
domain17.tche.br,27,5,5,112,4,"['200.132.0.156', '200.132.0.156', '200.132.0.156', '200.132.0.156', '200.132.0.156']"
domain18.tche.br,21,5,4,112,4,"['200.132.0.156', '200.132.0.156', '200.132.0.156', '200.132.0.156', '200.132.0.156']"
domain19.tche.br,4,5,4,264,4,"['200.132.0.156', '200.132.0.156', '200.132.0.156', '200.132.0.156', '200.132.0.156']"
domain20.tche.br,5,5,4,113,4,"['200.132.0.156', '200.132.0.156', '200.132.0.156', '200.132.0.156', '200.132.0.156']"
tabsite.com,4,5,4,112,358,"['142.93.245.3', '142.93.245.3', '142.93.245.3', '142.93.245.3', '142.93.245.3']"
yuukagetsu.com,5,5,1317,112,4,"['153.127.214.195', '153.127.214.195', '153.127.214.195', '153.127.214.195', '153.127.214.195']"
kafene.com,8,6,309,112,143,"['172.67.139.4', '104.21.46.126', '104.21.46.126', '172.67.139.4', '172.67.139.4', '104.21.46.126', '172.67.139.4', '104.21.46.126', '104.21.46.126', '172.67.139.4']"
yuzu-tosou.com,4,4,1046,112,4,"['183.181.82.28', '183.181.82.28', '183.181.82.28', '183.181.82.28', '183.181.82.28']"
lotzadollars.com,4,5,270,112,313,"['64.59.81.118', '64.59.81.118', '64.59.81.118', '64.59.81.118', '64.59.81.118']"
ywproperty.com,6,4,266,112,4,"['192.124.249.179', '192.124.249.179', '192.124.249.179', '192.124.249.179', '192.124.249.179']"
yxbabe.com,4,5,5,111,1952,"['47.108.200.10', '47.108.200.10', '47.108.200.10', '47.108.200.10', '47.108.200.10']"
gtd4xzbo4mycmst.com,0,0,0,0,0,[]
joyfulhour.net,4,4,3,113,112,"['3.33.130.190', '15.197.148.33', '15.197.148.33', '3.33.130.190', '15.197.148.33', '3.33.130.190', '3.33.130.190', '15.197.148.33', '15.197.148.33', '3.33.130.190']"
bentoncollections.com,111,5,5,113,4,"['23.227.38.32', '23.227.38.32', '23.227.38.32', '23.227.38.32', '23.227.38.32']"
yyfxgzs.com,0,0,0,0,0,[]
bonpost.ru,457,5,5,112,805,"['190.2.148.60', '190.2.148.60', '190.2.148.60', '190.2.148.60', '190.2.148.60']"
notary.net,6,4,6,112,5,"['97.64.129.7', '97.64.129.7', '97.64.129.7', '97.64.129.7', '97.64.129.7']"
yywater.tw,454,5,459,112,513,"['85.187.128.60', '85.187.128.60', '85.187.128.60', '85.187.128.60', '85.187.128.60']"
shopiro.ca,10,5,130,113,4,"['51.222.110.142', '51.222.110.142', '51.222.110.142', '51.222.110.142', '51.222.110.142']"
facetfiez.space,11,5,7,111,122,"['172.67.219.46', '104.21.45.210', '104.21.45.210', '172.67.219.46', '104.21.45.210', '172.67.219.46', '172.67.219.46', '104.21.45.210', '172.67.219.46', '104.21.45.210']"
yztown.vip,4,4,4,112,7,"['199.59.243.223', '199.59.243.223', '199.59.243.223', '199.59.243.223', '199.59.243.223']"
openhealthnews.com,5,4,5,113,140,"['172.67.222.208', '104.21.62.98', '172.67.222.208', '104.21.62.98', '172.67.222.208', '104.21.62.98', '172.67.222.208', '104.21.62.98', '104.21.62.98', '172.67.222.208']"
euniverse.com,0,0,0,112,0,['52.15.96.207']
freestart.hu,165,306,10,111,924,"['161.35.220.214', '161.35.220.214', '161.35.220.214', '161.35.220.214', '161.35.220.214']"
google.com,3,5,4,112,64,"['142.251.128.78', '142.251.129.110', '142.250.219.238', '142.250.65.238', '142.250.219.206']"
youtube.com,4,26,3,112,58,"['142.251.128.142', '142.251.129.238', '142.251.128.14', '142.250.64.78', '142.251.128.142']"
facebook.com,7,4,4,112,5,"['157.240.12.35', '157.240.226.35', '157.240.12.35', '157.240.241.35', '157.240.12.35']"
a-msedge.net,0,0,0,0,0,[]
microsoft.com,3,5,4,112,5,"['20.81.111.85', '20.84.181.62', '20.103.85.33', '20.53.203.50', '20.112.52.29', '20.112.52.29', '20.84.181.62', '20.103.85.33', '20.53.203.50', '20.81.111.85', '20.81.111.85', '20.84.181.62', '20.53.203.50', '20.103.85.33', '20.112.52.29', '20.81.111.85', '20.84.181.62', '20.103.85.33', '20.53.203.50', '20.112.52.29', '20.84.181.62', '20.103.85.33', '20.112.52.29', '20.53.203.50', '20.81.111.85']"
netflix.com,6,7,5,112,6,"['54.160.93.182', '3.211.157.115', '3.225.92.8', '3.225.92.8', '3.211.157.115', '54.160.93.182', '3.225.92.8', '3.211.157.115', '54.160.93.182', '3.230.129.93', '54.237.226.164', '52.3.144.142', '3.211.157.115', '3.225.92.8', '54.160.93.182']"
epicgames.com,5,5,4,114,7,"['3.228.194.172', '34.193.109.40', '54.87.93.14', '3.86.126.224', '34.236.240.206', '35.169.142.199', '3.210.97.92', '52.86.209.73', '52.207.120.16', '34.192.40.46', '34.205.180.101', '3.210.97.92', '44.215.224.99', '52.22.246.29', '52.71.194.139', '52.86.209.73', '3.223.206.124', '34.192.116.37', '3.211.212.74', '52.86.209.73', '3.208.225.137', '52.2.162.131', '3.224.229.142', '34.193.109.40', '34.205.180.101', '54.89.15.95', '3.210.97.92', '35.169.142.199', '3.224.231.164', '52.207.120.16', '34.193.142.121', '3.224.229.142', '3.230.29.161', '18.213.59.57', '34.203.148.103', '34.206.236.114', '52.2.162.131', '54.90.222.114', '174.129.246.223', '3.228.194.172']"
akamaiedge.net,0,0,0,0,0,[]
gtld-servers.net,0,0,0,0,0,[]
twitter.com,7,4,5,113,4,"['104.244.42.1', '104.244.42.65', '104.244.42.193', '104.244.42.129', '104.244.42.65', '104.244.42.129', '104.244.42.1', '104.244.42.193', '104.244.42.129', '104.244.42.65', '104.244.42.193', '104.244.42.1', '104.244.42.129', '104.244.42.1']"
instagram.com,6,5,4,112,6,"['157.240.12.174', '157.240.226.174', '157.240.226.174', '31.13.71.174', '157.240.12.174']"
baidu.com,4,6,4,115,4,"['39.156.66.10', '110.242.68.66', '110.242.68.66', '39.156.66.10', '110.242.68.66', '39.156.66.10', '39.156.66.10', '110.242.68.66', '110.242.68.66', '39.156.66.10']"
amazonaws.com,4,5,3,112,11,"['72.21.210.29', '207.171.166.22', '72.21.206.80', '72.21.210.29', '207.171.166.22', '72.21.206.80', '72.21.210.29', '207.171.166.22', '72.21.206.80', '72.21.206.80', '207.171.166.22', '72.21.210.29', '72.21.210.29', '207.171.166.22', '72.21.206.80']"
apple.com,4,5,4,114,4,"['17.253.144.10', '17.253.144.10', '17.253.144.10', '17.253.144.10', '17.253.144.10']"
linkedin.com,4,5,4,113,6,"['13.107.42.14', '13.107.42.14', '13.107.42.14', '13.107.42.14', '13.107.42.14']"
cloudflare.com,7,5,4,116,5,"['104.16.132.229', '104.16.133.229', '104.16.132.229', '104.16.133.229', '104.16.132.229', '104.16.133.229', '104.16.132.229', '104.16.133.229', '104.16.133.229', '104.16.132.229']"
wikipedia.org,5,5,5,112,150,"['208.80.154.224', '208.80.154.224', '208.80.154.224', '208.80.154.224', '208.80.154.224']"
yahoo.com,4,7,4,116,5,"['74.6.231.20', '98.137.11.163', '54.161.105.65', '74.6.231.21', '34.225.127.72', '74.6.143.25', '74.6.143.26', '98.137.11.164', '74.6.143.26', '98.137.11.163', '74.6.143.25', '34.225.127.72', '98.137.11.164', '54.161.105.65', '74.6.231.20', '74.6.231.21', '74.6.143.26', '74.6.143.25', '34.225.127.72', '98.137.11.163', '74.6.231.20', '54.161.105.65', '74.6.231.21', '98.137.11.164', '74.6.143.26', '74.6.231.21', '34.225.127.72', '74.6.231.20', '98.137.11.164', '98.137.11.163', '74.6.143.25', '54.161.105.65', '98.137.11.163', '98.137.11.164', '34.225.127.72', '54.161.105.65', '74.6.143.25', '74.6.143.26', '74.6.231.20', '74.6.231.21']"
qq.com,5,5,4,113,4,"['203.205.254.157', '123.151.137.18', '61.129.7.47', '183.3.226.35', '183.3.226.35', '203.205.254.157', '123.151.137.18', '61.129.7.47', '183.3.226.35', '61.129.7.47', '123.151.137.18', '203.205.254.157', '61.129.7.47', '183.3.226.35', '203.205.254.157', '123.151.137.18', '123.151.137.18', '183.3.226.35', '203.205.254.157', '61.129.7.47']"
akamai.net,0,0,0,0,0,[]
domain1.tche.br,25,4,150,113,5,"['200.132.0.156', '200.132.0.156', '200.132.0.156', '200.132.0.156', '200.132.0.156']"
domain2.tche.br,26,15,63,113,130,"['200.132.0.156', '200.132.0.156', '200.132.0.156', '200.132.0.156', '200.132.0.156']"
domain3.tche.br,4,5,4,114,132,"['200.132.0.156', '200.132.0.156', '200.132.0.156', '200.132.0.156', '200.132.0.156']"
domain4.tche.br,25,5,65,112,131,"['200.132.0.156', '200.132.0.156', '200.132.0.156', '200.132.0.156', '200.132.0.156']"
domain5.tche.br,5,5,5,112,130,"['200.132.0.156', '200.132.0.156', '200.132.0.156', '200.132.0.156', '200.132.0.156']"
domain6.tche.br,4,5,60,115,132,"['200.132.0.156', '200.132.0.156', '200.132.0.156', '200.132.0.156', '200.132.0.156']"
domain7.tche.br,25,6,62,117,4,"['200.132.0.156', '200.132.0.156', '200.132.0.156', '200.132.0.156', '200.132.0.156']"
domain8.tche.br,27,5,60,114,126,"['200.132.0.156', '200.132.0.156', '200.132.0.156', '200.132.0.156', '200.132.0.156']"
domain9.tche.br,4,4,5,113,4,"['200.132.0.156', '200.132.0.156', '200.132.0.156', '200.132.0.156', '200.132.0.156']"
domain10.tche.br,20,5,62,112,125,"['200.132.0.156', '200.132.0.156', '200.132.0.156', '200.132.0.156', '200.132.0.156']"
domain11.tche.br,4,6,4,113,4,"['200.132.0.156', '200.132.0.156', '200.132.0.156', '200.132.0.156', '200.132.0.156']"
domain12.tche.br,26,5,5,112,4,"['200.132.0.156', '200.132.0.156', '200.132.0.156', '200.132.0.156', '200.132.0.156']"
domain13.tche.br,4,5,24,112,4,"['200.132.0.156', '200.132.0.156', '200.132.0.156', '200.132.0.156', '200.132.0.156']"
domain14.tche.br,4,5,5,119,4,"['200.132.0.156', '200.132.0.156', '200.132.0.156', '200.132.0.156', '200.132.0.156']"
domain15.tche.br,23,5,5,113,4,"['200.132.0.156', '200.132.0.156', '200.132.0.156', '200.132.0.156', '200.132.0.156']"
domain16.tche.br,22,5,4,113,4,"['200.132.0.156', '200.132.0.156', '200.132.0.156', '200.132.0.156', '200.132.0.156']"
domain17.tche.br,5,5,4,113,4,"['200.132.0.156', '200.132.0.156', '200.132.0.156', '200.132.0.156', '200.132.0.156']"
domain18.tche.br,4,5,5,113,4,"['200.132.0.156', '200.132.0.156', '200.132.0.156', '200.132.0.156', '200.132.0.156']"
domain19.tche.br,4,5,65,113,4,"['200.132.0.156', '200.132.0.156', '200.132.0.156', '200.132.0.156', '200.132.0.156']"
domain20.tche.br,4,5,4,114,4,"['200.132.0.156', '200.132.0.156', '200.132.0.156', '200.132.0.156', '200.132.0.156']"
tabsite.com,124,4,5,112,4,"['142.93.245.3', '142.93.245.3', '142.93.245.3', '142.93.245.3', '142.93.245.3']"
yuukagetsu.com,5,4,6,112,3,"['153.127.214.195', '153.127.214.195', '153.127.214.195', '153.127.214.195', '153.127.214.195']"
kafene.com,8,4,8,112,4,"['104.21.46.126', '172.67.139.4', '104.21.46.126', '172.67.139.4', '104.21.46.126', '172.67.139.4', '172.67.139.4', '104.21.46.126', '172.67.139.4', '104.21.46.126']"
yuzu-tosou.com,4,5,4,112,4,"['183.181.82.28', '183.181.82.28', '183.181.82.28', '183.181.82.28', '183.181.82.28']"
lotzadollars.com,4,5,5,112,112,"['64.59.81.118', '64.59.81.118', '64.59.81.118', '64.59.81.118', '64.59.81.118']"
ywproperty.com,112,5,14,113,4,"['192.124.249.179', '192.124.249.179', '192.124.249.179', '192.124.249.179', '192.124.249.179']"
yxbabe.com,4,5,5,112,5,"['47.108.200.10', '47.108.200.10', '47.108.200.10', '47.108.200.10', '47.108.200.10']"
gtd4xzbo4mycmst.com,0,0,0,0,0,[]
joyfulhour.net,7,5,5,113,4,"['3.33.130.190', '15.197.148.33', '15.197.148.33', '3.33.130.190', '3.33.130.190', '15.197.148.33', '3.33.130.190', '15.197.148.33', '3.33.130.190', '15.197.148.33']"
bentoncollections.com,111,5,4,112,5,"['23.227.38.32', '23.227.38.32', '23.227.38.32', '23.227.38.32', '23.227.38.32']"
yyfxgzs.com,0,0,0,0,0,[]
bonpost.ru,5,5,4,112,1378,"['190.2.148.60', '190.2.148.60', '190.2.148.60', '190.2.148.60', '190.2.148.60']"
notary.net,4,4,5,112,113,"['97.64.129.7', '97.64.129.7', '97.64.129.7', '97.64.129.7', '97.64.129.7']"
yywater.tw,5,5,4,112,4,"['85.187.128.60', '85.187.128.60', '85.187.128.60', '85.187.128.60', '85.187.128.60']"
shopiro.ca,4,5,160,112,3,"['51.222.110.142', '51.222.110.142', '51.222.110.142', '51.222.110.142', '51.222.110.142']"
facetfiez.space,4,5,5,113,124,"['172.67.219.46', '104.21.45.210', '104.21.45.210', '172.67.219.46', '104.21.45.210', '172.67.219.46', '172.67.219.46', '104.21.45.210', '172.67.219.46', '104.21.45.210']"
yztown.vip,10,4,4,112,4,"['199.59.243.223', '199.59.243.223', '199.59.243.223', '199.59.243.223', '199.59.243.223']"
openhealthnews.com,5,5,4,112,4,"['104.21.62.98', '172.67.222.208', '172.67.222.208', '104.21.62.98', '172.67.222.208', '104.21.62.98', '104.21.62.98', '172.67.222.208', '104.21.62.98', '172.67.222.208']"
euniverse.com,0,0,0,111,0,['52.15.96.207']
freestart.hu,196,5,5,113,825,"['161.35.220.214', '161.35.220.214', '161.35.220.214', '161.35.220.214', '161.35.220.214']"
google.com,5,5,5,113,59,"['142.251.128.142', '142.251.129.110', '142.250.219.238', '142.250.65.238', '142.250.219.206']"
youtube.com,5,5,4,112,4,"['142.251.128.142', '142.251.129.238', '142.250.218.238', '142.250.64.78', '142.251.128.142']"
facebook.com,4,5,4,112,6,"['157.240.12.35', '157.240.226.35', '157.240.12.35', '157.240.241.35', '157.240.12.35']"
a-msedge.net,0,0,0,0,0,[]
microsoft.com,4,5,4,113,4,"['20.81.111.85', '20.84.181.62', '20.103.85.33', '20.53.203.50', '20.112.52.29', '20.112.52.29', '20.84.181.62', '20.103.85.33', '20.53.203.50', '20.81.111.85', '20.103.85.33', '20.84.181.62', '20.81.111.85', '20.112.52.29', '20.53.203.50', '20.81.111.85', '20.84.181.62', '20.103.85.33', '20.53.203.50', '20.112.52.29', '20.112.52.29', '20.53.203.50', '20.81.111.85', '20.84.181.62', '20.103.85.33']"
netflix.com,8,4,4,112,6,"['3.211.157.115', '3.225.92.8', '54.160.93.182', '3.225.92.8', '3.211.157.115', '54.160.93.182', '52.3.144.142', '54.237.226.164', '3.230.129.93', '3.230.129.93', '52.3.144.142', '54.237.226.164', '52.3.144.142', '54.237.226.164', '3.230.129.93']"
epicgames.com,5,10,4,113,5,"['54.235.191.8', '3.223.206.124', '18.232.4.194', '3.86.126.224', '34.203.148.103', '54.226.212.47', '3.208.225.137', '34.206.236.114', '52.207.120.16', '34.192.40.46', '34.205.180.101', '3.210.97.92', '44.215.224.99', '52.22.246.29', '52.71.194.139', '52.86.209.73', '34.193.109.40', '3.210.115.173', '52.22.246.29', '3.228.194.172', '54.87.93.14', '34.236.240.206', '34.203.148.103', '3.224.231.164', '18.232.4.194', '54.197.143.69', '52.86.209.73', '34.236.240.206', '107.23.88.204', '54.90.222.114', '52.22.82.88', '54.87.93.14', '34.232.137.100', '54.89.15.95', '54.226.83.163', '54.235.191.8', '3.211.212.74', '3.224.231.164', '23.20.205.194', '34.192.116.37']"
akamaiedge.net,0,0,0,0,0,[]
gtld-servers.net,0,0,0,0,0,[]
twitter.com,5,5,4,112,5,"['104.244.42.193', '104.244.42.1', '104.244.42.129', '104.244.42.65', '104.244.42.65', '104.244.42.129', '104.244.42.1', '104.244.42.193', '104.244.42.65', '104.244.42.1', '104.244.42.129', '104.244.42.193', '104.244.42.65', '104.244.42.65', '104.244.42.129', '104.244.42.193', '104.244.42.1']"
instagram.com,4,4,3,112,46,"['157.240.12.174', '157.240.226.174', '157.240.226.174', '31.13.71.174', '157.240.12.174']"
baidu.com,4,5,4,115,4,"['39.156.66.10', '110.242.68.66', '110.242.68.66', '39.156.66.10', '110.242.68.66', '39.156.66.10', '39.156.66.10', '110.242.68.66', '110.242.68.66', '39.156.66.10']"
amazonaws.com,4,5,5,113,4,"['72.21.206.80', '72.21.210.29', '207.171.166.22', '72.21.210.29', '207.171.166.22', '72.21.206.80', '72.21.206.80', '207.171.166.22', '72.21.210.29', '72.21.206.80', '207.171.166.22', '72.21.210.29', '72.21.206.80', '72.21.210.29', '207.171.166.22']"
apple.com,4,6,3,115,4,"['17.253.144.10', '17.253.144.10', '17.253.144.10', '17.253.144.10', '17.253.144.10']"
linkedin.com,10,5,4,112,7,"['13.107.42.14', '13.107.42.14', '13.107.42.14', '13.107.42.14', '13.107.42.14']"
cloudflare.com,4,4,4,112,4,"['104.16.133.229', '104.16.132.229', '104.16.132.229', '104.16.133.229', '104.16.133.229', '104.16.132.229', '104.16.133.229', '104.16.132.229', '104.16.133.229', '104.16.132.229']"
wikipedia.org,6,5,4,111,140,"['208.80.154.224', '208.80.154.224', '208.80.154.224', '208.80.154.224', '208.80.154.224']"
yahoo.com,5,5,4,113,5,"['54.161.105.65', '98.137.11.164', '34.225.127.72', '98.137.11.163', '74.6.231.21', '74.6.143.25', '74.6.231.20', '74.6.143.26', '74.6.143.26', '98.137.11.163', '74.6.143.25', '34.225.127.72', '98.137.11.164', '54.161.105.65', '74.6.231.20', '74.6.231.21', '98.137.11.164', '98.137.11.163', '74.6.143.25', '54.161.105.65', '74.6.143.26', '74.6.231.20', '34.225.127.72', '74.6.231.21', '74.6.143.25', '98.137.11.163', '54.161.105.65', '74.6.231.20', '34.225.127.72', '74.6.143.26', '74.6.231.21', '98.137.11.164', '74.6.231.21', '98.137.11.163', '98.137.11.164', '34.225.127.72', '54.161.105.65', '74.6.143.25', '74.6.143.26', '74.6.231.20']"
qq.com,305,5,4,112,4,"['123.151.137.18', '61.129.7.47', '183.3.226.35', '203.205.254.157', '203.205.254.157', '61.129.7.47', '123.151.137.18', '183.3.226.35', '203.205.254.157', '183.3.226.35', '123.151.137.18', '61.129.7.47', '183.3.226.35', '203.205.254.157', '123.151.137.18', '61.129.7.47', '203.205.254.157', '61.129.7.47', '123.151.137.18', '183.3.226.35']"
akamai.net,0,0,0,0,0,[]
domain1.tche.br,5,5,4,113,126,"['200.132.0.156', '200.132.0.156', '200.132.0.156', '200.132.0.156', '200.132.0.156']"
domain2.tche.br,21,5,5,115,125,"['200.132.0.156', '200.132.0.156', '200.132.0.156', '200.132.0.156', '200.132.0.156']"
domain3.tche.br,4,6,62,114,3,"['200.132.0.156', '200.132.0.156', '200.132.0.156', '200.132.0.156', '200.132.0.156']"
domain4.tche.br,20,5,4,114,126,"['200.132.0.156', '200.132.0.156', '200.132.0.156', '200.132.0.156', '200.132.0.156']"
domain5.tche.br,7,7,58,114,426,"['200.132.0.156', '200.132.0.156', '200.132.0.156', '200.132.0.156', '200.132.0.156']"
domain6.tche.br,4,5,4,113,131,"['200.132.0.156', '200.132.0.156', '200.132.0.156', '200.132.0.156', '200.132.0.156']"
domain7.tche.br,20,6,4,114,4,"['200.132.0.156', '200.132.0.156', '200.132.0.156', '200.132.0.156', '200.132.0.156']"
domain8.tche.br,4,4,23,113,4,"['200.132.0.156', '200.132.0.156', '200.132.0.156', '200.132.0.156', '200.132.0.156']"
domain9.tche.br,4,5,63,114,5,"['200.132.0.156', '200.132.0.156', '200.132.0.156', '200.132.0.156', '200.132.0.156']"
domain10.tche.br,5,5,64,112,125,"['200.132.0.156', '200.132.0.156', '200.132.0.156', '200.132.0.156', '200.132.0.156']"
domain11.tche.br,4,5,61,261,4,"['200.132.0.156', '200.132.0.156', '200.132.0.156', '200.132.0.156', '200.132.0.156']"
domain12.tche.br,4,6,4,113,4,"['200.132.0.156', '200.132.0.156', '200.132.0.156', '200.132.0.156', '200.132.0.156']"
domain13.tche.br,5,5,4,112,4,"['200.132.0.156', '200.132.0.156', '200.132.0.156', '200.132.0.156', '200.132.0.156']"
domain14.tche.br,5,5,4,113,4,"['200.132.0.156', '200.132.0.156', '200.132.0.156', '200.132.0.156', '200.132.0.156']"
domain15.tche.br,22,5,5,113,4,"['200.132.0.156', '200.132.0.156', '200.132.0.156', '200.132.0.156', '200.132.0.156']"
domain16.tche.br,22,5,4,113,4,"['200.132.0.156', '200.132.0.156', '200.132.0.156', '200.132.0.156', '200.132.0.156']"
domain17.tche.br,5,5,5,115,4,"['200.132.0.156', '200.132.0.156', '200.132.0.156', '200.132.0.156', '200.132.0.156']"
domain18.tche.br,23,5,5,113,4,"['200.132.0.156', '200.132.0.156', '200.132.0.156', '200.132.0.156', '200.132.0.156']"
domain19.tche.br,24,5,5,111,4,"['200.132.0.156', '200.132.0.156', '200.132.0.156', '200.132.0.156', '200.132.0.156']"
domain20.tche.br,5,4,5,120,4,"['200.132.0.156', '200.132.0.156', '200.132.0.156', '200.132.0.156', '200.132.0.156']"
tabsite.com,128,6,4,116,353,"['142.93.245.3', '142.93.245.3', '142.93.245.3', '142.93.245.3', '142.93.245.3']"
yuukagetsu.com,4,4,630,114,606,"['153.127.214.195', '153.127.214.195', '153.127.214.195', '153.127.214.195', '153.127.214.195']"
kafene.com,7,4,4,113,4,"['172.67.139.4', '104.21.46.126', '104.21.46.126', '172.67.139.4', '104.21.46.126', '172.67.139.4', '172.67.139.4', '104.21.46.126', '172.67.139.4', '104.21.46.126']"
yuzu-tosou.com,4,5,5,111,1382,"['183.181.82.28', '183.181.82.28', '183.181.82.28', '183.181.82.28', '183.181.82.28']"
lotzadollars.com,115,5,4,113,412,"['64.59.81.118', '64.59.81.118', '64.59.81.118', '64.59.81.118', '64.59.81.118']"
ywproperty.com,110,5,4,111,4,"['192.124.249.179', '192.124.249.179', '192.124.249.179', '192.124.249.179', '192.124.249.179']"
yxbabe.com,5,12,5,112,3,"['47.108.200.10', '47.108.200.10', '47.108.200.10', '47.108.200.10', '47.108.200.10']"
gtd4xzbo4mycmst.com,0,0,0,0,0,[]
joyfulhour.net,112,5,373,112,118,"['3.33.130.190', '15.197.148.33', '15.197.148.33', '3.33.130.190', '3.33.130.190', '15.197.148.33', '3.33.130.190', '15.197.148.33', '3.33.130.190', '15.197.148.33']"
bentoncollections.com,117,4,5,111,4,"['23.227.38.32', '23.227.38.32', '23.227.38.32', '23.227.38.32', '23.227.38.32']"
yyfxgzs.com,0,0,0,0,0,[]
bonpost.ru,5,5,5,112,826,"['190.2.148.60', '190.2.148.60', '190.2.148.60', '190.2.148.60', '190.2.148.60']"
notary.net,5,4,5,113,4,"['97.64.129.7', '97.64.129.7', '97.64.129.7', '97.64.129.7', '97.64.129.7']"
yywater.tw,4,4,5,111,5,"['85.187.128.60', '85.187.128.60', '85.187.128.60', '85.187.128.60', '85.187.128.60']"
shopiro.ca,137,8,5,113,5,"['51.222.110.142', '51.222.110.142', '51.222.110.142', '51.222.110.142', '51.222.110.142']"
facetfiez.space,12,5,8,112,4,"['172.67.219.46', '104.21.45.210', '104.21.45.210', '172.67.219.46', '172.67.219.46', '104.21.45.210', '104.21.45.210', '172.67.219.46', '104.21.45.210', '172.67.219.46']"
yztown.vip,4,5,12,112,109,"['199.59.243.223', '199.59.243.223', '199.59.243.223', '199.59.243.223', '199.59.243.223']"
openhealthnews.com,8,5,7,112,141,"['172.67.222.208', '104.21.62.98', '172.67.222.208', '104.21.62.98', '172.67.222.208', '104.21.62.98', '104.21.62.98', '172.67.222.208', '172.67.222.208', '104.21.62.98']"
euniverse.com,0,0,0,112,0,['52.15.96.207']
freestart.hu,195,12,583,115,924,"['161.35.220.214', '161.35.220.214', '161.35.220.214', '161.35.220.214', '161.35.220.214']"
google.com,5,5,4,112,57,"['142.251.128.142', '142.251.129.110', '142.250.219.174', '142.250.64.110', '142.250.219.206']"
youtube.com,64,10,8,111,61,"['142.251.128.142', '142.251.129.238', '142.250.218.14', '142.251.40.206', '142.251.128.142']"
facebook.com,6,5,4,112,5,"['157.240.12.35', '157.240.226.35', '157.240.12.35', '31.13.67.35', '157.240.12.35']"
a-msedge.net,0,0,0,0,0,[]
microsoft.com,4,6,5,112,4,"['20.81.111.85', '20.84.181.62', '20.103.85.33', '20.53.203.50', '20.112.52.29', '20.112.52.29', '20.84.181.62', '20.103.85.33', '20.53.203.50', '20.81.111.85', '20.81.111.85', '20.84.181.62', '20.112.52.29', '20.53.203.50', '20.103.85.33', '20.81.111.85', '20.84.181.62', '20.103.85.33', '20.53.203.50', '20.112.52.29', '20.84.181.62', '20.103.85.33', '20.112.52.29', '20.53.203.50', '20.81.111.85']"
netflix.com,125,5,4,120,7,"['3.225.92.8', '54.160.93.182', '3.211.157.115', '54.160.93.182', '3.211.157.115', '3.225.92.8', '3.211.157.115', '3.225.92.8', '54.160.93.182', '52.3.144.142', '3.230.129.93', '54.237.226.164', '3.230.129.93', '52.3.144.142', '54.237.226.164']"
epicgames.com,7,7,5,120,6,"['34.192.116.37', '54.197.143.69', '35.169.142.199', '3.228.194.172', '3.230.29.161', '107.23.88.204', '54.210.212.240', '52.86.209.73', '34.232.137.100', '54.210.212.240', '3.210.115.173', '3.228.194.172', '3.232.100.130', '52.2.162.131', '107.23.88.204', '3.211.207.12', '3.86.126.224', '54.157.155.117', '3.224.229.142', '34.203.119.126', '3.228.194.172', '54.197.143.69', '54.87.93.14', '34.225.166.220', '3.216.16.195', '18.213.59.57', '3.228.194.172', '18.232.4.194', '54.90.222.114', '34.203.148.103', '3.232.100.130', '52.86.209.73', '3.224.229.142', '3.232.100.130', '34.192.116.37', '52.22.82.88', '54.90.222.114', '54.157.155.117', '3.208.225.137', '3.210.115.173']"
akamaiedge.net,0,0,0,0,0,[]
gtld-servers.net,0,0,0,0,0,[]
twitter.com,5,20,8,113,4,"['104.244.42.129', '104.244.42.193', '104.244.42.1', '104.244.42.65', '104.244.42.65', '104.244.42.129', '104.244.42.1', '104.244.42.193', '104.244.42.1', '104.244.42.65', '104.244.42.193', '104.244.42.129', '104.244.42.65', '104.244.42.193', '104.244.42.1', '104.244.42.65', '104.244.42.129']"
instagram.com,4,5,4,112,4,"['157.240.12.174', '157.240.226.174', '157.240.226.174', '31.13.71.174', '157.240.12.174']"
baidu.com,3,5,4,114,4,"['39.156.66.10', '110.242.68.66', '110.242.68.66', '39.156.66.10', '110.242.68.66', '39.156.66.10', '39.156.66.10', '110.242.68.66', '39.156.66.10', '110.242.68.66']"
amazonaws.com,4,5,4,112,5,"['72.21.210.29', '72.21.206.80', '207.171.166.22', '72.21.210.29', '207.171.166.22', '72.21.206.80', '207.171.166.22', '72.21.210.29', '72.21.206.80', '207.171.166.22', '72.21.210.29', '72.21.206.80', '207.171.166.22', '72.21.206.80', '72.21.210.29']"
apple.com,3,5,4,113,4,"['17.253.144.10', '17.253.144.10', '17.253.144.10', '17.253.144.10', '17.253.144.10']"
linkedin.com,8,5,4,2216,3,"['13.107.42.14', '13.107.42.14', '13.107.42.14', '13.107.42.14', '13.107.42.14']"
cloudflare.com,7,5,4,112,4,"['104.16.132.229', '104.16.133.229', '104.16.132.229', '104.16.133.229', '104.16.133.229', '104.16.132.229', '104.16.133.229', '104.16.132.229', '104.16.132.229', '104.16.133.229']"
wikipedia.org,119,5,4,111,196,"['208.80.154.224', '208.80.154.224', '208.80.154.224', '208.80.154.224', '208.80.154.224']"
yahoo.com,5,13,4,114,5,"['54.161.105.65', '98.137.11.164', '74.6.143.26', '74.6.231.20', '74.6.231.21', '98.137.11.163', '34.225.127.72', '74.6.143.25', '74.6.143.26', '98.137.11.163', '74.6.143.25', '34.225.127.72', '98.137.11.164', '54.161.105.65', '74.6.231.20', '74.6.231.21', '74.6.143.26', '98.137.11.163', '74.6.231.20', '74.6.231.21', '74.6.143.25', '98.137.11.164', '34.225.127.72', '54.161.105.65', '74.6.143.26', '74.6.231.21', '34.225.127.72', '74.6.231.20', '98.137.11.164', '98.137.11.163', '74.6.143.25', '54.161.105.65', '74.6.231.21', '98.137.11.163', '98.137.11.164', '34.225.127.72', '54.161.105.65', '74.6.143.25', '74.6.143.26', '74.6.231.20']"
qq.com,4,6,4,113,436,"['61.129.7.47', '183.3.226.35', '203.205.254.157', '123.151.137.18', '203.205.254.157', '61.129.7.47', '123.151.137.18', '183.3.226.35', '203.205.254.157', '123.151.137.18', '61.129.7.47', '183.3.226.35', '183.3.226.35', '203.205.254.157', '123.151.137.18', '61.129.7.47', '203.205.254.157', '61.129.7.47', '123.151.137.18', '183.3.226.35']"
akamai.net,0,0,0,0,0,[]
domain1.tche.br,5,4,23,112,125,"['200.132.0.156', '200.132.0.156', '200.132.0.156', '200.132.0.156', '200.132.0.156']"
domain2.tche.br,21,5,4,114,131,"['200.132.0.156', '200.132.0.156', '200.132.0.156', '200.132.0.156', '200.132.0.156']"
domain3.tche.br,5,9,62,113,125,"['200.132.0.156', '200.132.0.156', '200.132.0.156', '200.132.0.156', '200.132.0.156']"
domain4.tche.br,4,5,60,113,126,"['200.132.0.156', '200.132.0.156', '200.132.0.156', '200.132.0.156', '200.132.0.156']"
domain5.tche.br,24,5,62,115,131,"['200.132.0.156', '200.132.0.156', '200.132.0.156', '200.132.0.156', '200.132.0.156']"
domain6.tche.br,5,4,63,114,523,"['200.132.0.156', '200.132.0.156', '200.132.0.156', '200.132.0.156', '200.132.0.156']"
domain7.tche.br,4,5,62,113,4,"['200.132.0.156', '200.132.0.156', '200.132.0.156', '200.132.0.156', '200.132.0.156']"
domain8.tche.br,5,5,60,113,530,"['200.132.0.156', '200.132.0.156', '200.132.0.156', '200.132.0.156', '200.132.0.156']"
domain9.tche.br,4,5,4,114,4,"['200.132.0.156', '200.132.0.156', '200.132.0.156', '200.132.0.156', '200.132.0.156']"
domain10.tche.br,6,5,4,114,130,"['200.132.0.156', '200.132.0.156', '200.132.0.156', '200.132.0.156', '200.132.0.156']"
domain11.tche.br,4,5,5,113,4,"['200.132.0.156', '200.132.0.156', '200.132.0.156', '200.132.0.156', '200.132.0.156']"
domain12.tche.br,4,5,4,115,5,"['200.132.0.156', '200.132.0.156', '200.132.0.156', '200.132.0.156', '200.132.0.156']"
domain13.tche.br,4,4,4,113,5,"['200.132.0.156', '200.132.0.156', '200.132.0.156', '200.132.0.156', '200.132.0.156']"
domain14.tche.br,4,5,5,112,4,"['200.132.0.156', '200.132.0.156', '200.132.0.156', '200.132.0.156', '200.132.0.156']"
domain15.tche.br,4,5,5,114,4,"['200.132.0.156', '200.132.0.156', '200.132.0.156', '200.132.0.156', '200.132.0.156']"
domain16.tche.br,5,7,4,113,4,"['200.132.0.156', '200.132.0.156', '200.132.0.156', '200.132.0.156', '200.132.0.156']"
domain17.tche.br,5,5,5,113,4,"['200.132.0.156', '200.132.0.156', '200.132.0.156', '200.132.0.156', '200.132.0.156']"
domain18.tche.br,7,6,5,112,4,"['200.132.0.156', '200.132.0.156', '200.132.0.156', '200.132.0.156', '200.132.0.156']"
domain19.tche.br,5,5,5,112,4,"['200.132.0.156', '200.132.0.156', '200.132.0.156', '200.132.0.156', '200.132.0.156']"
domain20.tche.br,27,5,4,113,4,"['200.132.0.156', '200.132.0.156', '200.132.0.156', '200.132.0.156', '200.132.0.156']"
tabsite.com,4,5,116,113,224,"['142.93.245.3', '142.93.245.3', '142.93.245.3', '142.93.245.3', '142.93.245.3']"
yuukagetsu.com,5,5,804,113,4,"['153.127.214.195', '153.127.214.195', '153.127.214.195', '153.127.214.195', '153.127.214.195']"
kafene.com,10,13,6,110,142,"['172.67.139.4', '104.21.46.126', '104.21.46.126', '172.67.139.4', '104.21.46.126', '172.67.139.4', '172.67.139.4', '104.21.46.126', '172.67.139.4', '104.21.46.126']"
yuzu-tosou.com,5,5,874,112,1377,"['183.181.82.28', '183.181.82.28', '183.181.82.28', '183.181.82.28', '183.181.82.28']"
lotzadollars.com,4,11,5,113,313,"['64.59.81.118', '64.59.81.118', '64.59.81.118', '64.59.81.118', '64.59.81.118']"
ywproperty.com,109,5,5,112,4,"['192.124.249.179', '192.124.249.179', '192.124.249.179', '192.124.249.179', '192.124.249.179']"
yxbabe.com,219,5,5,112,4,"['47.108.200.10', '47.108.200.10', '47.108.200.10', '47.108.200.10', '47.108.200.10']"
gtd4xzbo4mycmst.com,0,0,0,0,0,[]
joyfulhour.net,110,5,5,112,4,"['3.33.130.190', '15.197.148.33', '15.197.148.33', '3.33.130.190', '3.33.130.190', '15.197.148.33', '3.33.130.190', '15.197.148.33', '15.197.148.33', '3.33.130.190']"
bentoncollections.com,112,4,4,112,148,"['23.227.38.32', '23.227.38.32', '23.227.38.32', '23.227.38.32', '23.227.38.32']"
yyfxgzs.com,0,0,0,0,0,[]
bonpost.ru,5,5,4,112,830,"['190.2.148.60', '190.2.148.60', '190.2.148.60', '190.2.148.60', '190.2.148.60']"
notary.net,7,5,5,111,4,"['97.64.129.7', '97.64.129.7', '97.64.129.7', '97.64.129.7', '97.64.129.7']"
yywater.tw,146,5,4,111,4,"['85.187.128.60', '85.187.128.60', '85.187.128.60', '85.187.128.60', '85.187.128.60']"
shopiro.ca,4,5,4,117,4,"['51.222.110.142', '51.222.110.142', '51.222.110.142', '51.222.110.142', '51.222.110.142']"
facetfiez.space,11,5,10,113,124,"['172.67.219.46', '104.21.45.210', '104.21.45.210', '172.67.219.46', '172.67.219.46', '104.21.45.210', '172.67.219.46', '104.21.45.210', '172.67.219.46', '104.21.45.210']"
yztown.vip,6,5,9,112,4,"['199.59.243.223', '199.59.243.223', '199.59.243.223', '199.59.243.223', '199.59.243.223']"
openhealthnews.com,6,5,7,111,4,"['104.21.62.98', '172.67.222.208', '172.67.222.208', '104.21.62.98', '172.67.222.208', '104.21.62.98', '172.67.222.208', '104.21.62.98', '172.67.222.208', '104.21.62.98']"
euniverse.com,0,0,0,111,0,['52.15.96.207']
freestart.hu,168,9,132,193,4,"['161.35.220.214', '161.35.220.214', '161.35.220.214', '161.35.220.214', '161.35.220.214']"
google.com,4,18,4,112,58,"['142.251.128.46', '142.251.129.110', '142.250.79.206', '142.250.65.238', '142.250.219.206']"
youtube.com,4,4,4,112,57,"['142.251.128.142', '142.250.218.206', '142.250.218.14', '142.250.64.78', '142.251.128.142']"
facebook.com,8,11,4,112,6,"['157.240.12.35', '157.240.226.35', '31.13.85.36', '31.13.71.36', '157.240.12.35']"
a-msedge.net,0,0,0,0,0,[]
microsoft.com,4,67,4,112,5,"['20.81.111.85', '20.84.181.62', '20.103.85.33', '20.53.203.50', '20.112.52.29', '20.112.52.29', '20.84.181.62', '20.103.85.33', '20.53.203.50', '20.81.111.85', '20.103.85.33', '20.112.52.29', '20.84.181.62', '20.53.203.50', '20.81.111.85', '20.81.111.85', '20.84.181.62', '20.103.85.33', '20.53.203.50', '20.112.52.29', '20.103.85.33', '20.112.52.29', '20.53.203.50', '20.81.111.85', '20.84.181.62']"
netflix.com,7,4,3,114,8,"['3.211.157.115', '54.160.93.182', '3.225.92.8', '54.160.93.182', '3.211.157.115', '3.225.92.8', '54.160.93.182', '3.225.92.8', '3.211.157.115', '54.160.93.182', '3.211.157.115', '3.225.92.8', '3.211.157.115', '3.225.92.8', '54.160.93.182']"
epicgames.com,4,7,4,137,4,"['54.226.212.47', '18.232.4.194', '3.216.16.195', '54.210.212.240', '34.203.148.103', '3.86.126.224', '54.157.155.117', '3.208.225.137', '34.232.137.100', '54.210.212.240', '3.210.115.173', '3.228.194.172', '3.232.100.130', '52.2.162.131', '107.23.88.204', '3.211.207.12', '54.210.212.240', '3.232.100.130', '54.235.191.8', '3.211.207.12', '52.2.162.131', '3.228.194.172', '54.197.143.69', '174.129.246.223', '3.230.29.161', '3.210.115.173', '34.205.180.101', '3.232.100.130', '3.211.212.74', '3.228.194.172', '52.207.120.16', '3.208.225.137', '52.207.120.16', '54.197.143.69', '54.226.83.163', '3.224.231.164', '3.233.179.35', '23.20.205.194', '35.169.142.199', '52.22.246.29']"
akamaiedge.net,0,0,0,0,0,[]
gtld-servers.net,0,0,0,0,0,[]
twitter.com,4,5,4,112,4,"['104.244.42.193', '104.244.42.1', '104.244.42.129', '104.244.42.65', '104.244.42.65', '104.244.42.129', '104.244.42.1', '104.244.42.193', '104.244.42.129', '104.244.42.193', '104.244.42.65', '104.244.42.1', '104.244.42.193', '104.244.42.1', '104.244.42.65', '104.244.42.129', '104.244.42.193', '104.244.42.1', '104.244.42.65', '104.244.42.129']"
instagram.com,5,5,4,112,4,"['157.240.12.174', '157.240.226.174', '157.240.226.174', '31.13.71.174', '157.240.12.174']"
baidu.com,4,5,4,113,4,"['39.156.66.10', '110.242.68.66', '110.242.68.66', '39.156.66.10', '110.242.68.66', '39.156.66.10', '39.156.66.10', '110.242.68.66', '110.242.68.66', '39.156.66.10']"
amazonaws.com,4,5,4,112,4,"['72.21.206.80', '207.171.166.22', '72.21.210.29', '72.21.210.29', '207.171.166.22', '72.21.206.80', '72.21.210.29', '207.171.166.22', '72.21.206.80', '72.21.206.80', '207.171.166.22', '72.21.210.29', '72.21.206.80', '72.21.210.29', '207.171.166.22']"
apple.com,4,5,4,113,4,"['17.253.144.10', '17.253.144.10', '17.253.144.10', '17.253.144.10', '17.253.144.10']"
linkedin.com,8,5,4,112,5,"['13.107.42.14', '13.107.42.14', '13.107.42.14', '13.107.42.14', '13.107.42.14']"
cloudflare.com,5,5,4,111,4,"['104.16.132.229', '104.16.133.229', '104.16.132.229', '104.16.133.229', '104.16.133.229', '104.16.132.229', '104.16.132.229', '104.16.133.229', '104.16.133.229', '104.16.132.229']"
wikipedia.org,4,4,4,111,5,"['208.80.154.224', '208.80.154.224', '208.80.154.224', '208.80.154.224', '208.80.154.224']"
yahoo.com,4,6,4,115,5,"['34.225.127.72', '74.6.231.21', '74.6.143.25', '54.161.105.65', '74.6.231.20', '74.6.143.26', '98.137.11.163', '98.137.11.164', '74.6.143.26', '98.137.11.163', '74.6.143.25', '34.225.127.72', '98.137.11.164', '54.161.105.65', '74.6.231.20', '74.6.231.21', '74.6.143.25', '98.137.11.163', '54.161.105.65', '34.225.127.72', '74.6.231.21', '74.6.231.20', '74.6.143.26', '98.137.11.164', '74.6.143.26', '74.6.231.21', '34.225.127.72', '74.6.231.20', '98.137.11.164', '98.137.11.163', '74.6.143.25', '54.161.105.65', '54.161.105.65', '74.6.143.25', '74.6.143.26', '74.6.231.20', '74.6.231.21', '98.137.11.163', '98.137.11.164', '34.225.127.72']"
qq.com,5,5,5,112,4,"['123.151.137.18', '61.129.7.47', '183.3.226.35', '203.205.254.157', '203.205.254.157', '61.129.7.47', '123.151.137.18', '183.3.226.35', '61.129.7.47', '183.3.226.35', '123.151.137.18', '203.205.254.157', '183.3.226.35', '203.205.254.157', '123.151.137.18', '61.129.7.47', '61.129.7.47', '123.151.137.18', '183.3.226.35', '203.205.254.157']"
akamai.net,0,0,0,0,0,[]
domain1.tche.br,21,5,61,114,131,"['200.132.0.156', '200.132.0.156', '200.132.0.156', '200.132.0.156', '200.132.0.156']"
domain2.tche.br,24,24,87,114,4,"['200.132.0.156', '200.132.0.156', '200.132.0.156', '200.132.0.156', '200.132.0.156']"
domain3.tche.br,20,5,5,114,174,"['200.132.0.156', '200.132.0.156', '200.132.0.156', '200.132.0.156', '200.132.0.156']"
domain4.tche.br,24,6,61,112,174,"['200.132.0.156', '200.132.0.156', '200.132.0.156', '200.132.0.156', '200.132.0.156']"
domain5.tche.br,25,5,6,114,126,"['200.132.0.156', '200.132.0.156', '200.132.0.156', '200.132.0.156', '200.132.0.156']"
domain6.tche.br,25,6,63,112,4,"['200.132.0.156', '200.132.0.156', '200.132.0.156', '200.132.0.156', '200.132.0.156']"
domain7.tche.br,3,6,62,112,126,"['200.132.0.156', '200.132.0.156', '200.132.0.156', '200.132.0.156', '200.132.0.156']"
domain8.tche.br,5,13,62,113,4,"['200.132.0.156', '200.132.0.156', '200.132.0.156', '200.132.0.156', '200.132.0.156']"
domain9.tche.br,20,5,22,113,125,"['200.132.0.156', '200.132.0.156', '200.132.0.156', '200.132.0.156', '200.132.0.156']"
domain10.tche.br,21,5,5,113,127,"['200.132.0.156', '200.132.0.156', '200.132.0.156', '200.132.0.156', '200.132.0.156']"
domain11.tche.br,22,7,60,114,4,"['200.132.0.156', '200.132.0.156', '200.132.0.156', '200.132.0.156', '200.132.0.156']"
domain12.tche.br,4,5,4,113,5,"['200.132.0.156', '200.132.0.156', '200.132.0.156', '200.132.0.156', '200.132.0.156']"
domain13.tche.br,23,5,5,113,4,"['200.132.0.156', '200.132.0.156', '200.132.0.156', '200.132.0.156', '200.132.0.156']"
domain14.tche.br,4,5,4,113,4,"['200.132.0.156', '200.132.0.156', '200.132.0.156', '200.132.0.156', '200.132.0.156']"
domain15.tche.br,3,4,64,115,4,"['200.132.0.156', '200.132.0.156', '200.132.0.156', '200.132.0.156', '200.132.0.156']"
domain16.tche.br,5,6,60,112,3,"['200.132.0.156', '200.132.0.156', '200.132.0.156', '200.132.0.156', '200.132.0.156']"
domain17.tche.br,22,5,7,114,6,"['200.132.0.156', '200.132.0.156', '200.132.0.156', '200.132.0.156', '200.132.0.156']"
domain18.tche.br,23,5,5,113,3,"['200.132.0.156', '200.132.0.156', '200.132.0.156', '200.132.0.156', '200.132.0.156']"
domain19.tche.br,3,4,5,112,4,"['200.132.0.156', '200.132.0.156', '200.132.0.156', '200.132.0.156', '200.132.0.156']"
domain20.tche.br,5,5,5,112,4,"['200.132.0.156', '200.132.0.156', '200.132.0.156', '200.132.0.156', '200.132.0.156']"
tabsite.com,134,5,5,112,220,"['142.93.245.3', '142.93.245.3', '142.93.245.3', '142.93.245.3', '142.93.245.3']"
yuukagetsu.com,273,5,4,113,4,"['153.127.214.195', '153.127.214.195', '153.127.214.195', '153.127.214.195', '153.127.214.195']"
kafene.com,4,5,7,111,144,"['172.67.139.4', '104.21.46.126', '104.21.46.126', '172.67.139.4', '172.67.139.4', '104.21.46.126', '104.21.46.126', '172.67.139.4', '104.21.46.126', '172.67.139.4']"
yuzu-tosou.com,271,5,1306,113,1376,"['183.181.82.28', '183.181.82.28', '183.181.82.28', '183.181.82.28', '183.181.82.28']"
lotzadollars.com,4,5,4,112,5,"['64.59.81.118', '64.59.81.118', '64.59.81.118', '64.59.81.118', '64.59.81.118']"
ywproperty.com,5,5,5,112,4,"['192.124.249.179', '192.124.249.179', '192.124.249.179', '192.124.249.179', '192.124.249.179']"
yxbabe.com,4,5,343,112,4,"['47.108.200.10', '47.108.200.10', '47.108.200.10', '47.108.200.10', '47.108.200.10']"
gtd4xzbo4mycmst.com,0,0,0,0,0,[]
joyfulhour.net,112,5,5,112,10,"['3.33.130.190', '15.197.148.33', '15.197.148.33', '3.33.130.190', '3.33.130.190', '15.197.148.33', '3.33.130.190', '15.197.148.33', '15.197.148.33', '3.33.130.190']"
bentoncollections.com,4,4,5,112,7,"['23.227.38.32', '23.227.38.32', '23.227.38.32', '23.227.38.32', '23.227.38.32']"
yyfxgzs.com,0,0,0,0,0,[]
bonpost.ru,5,5,4,112,853,"['190.2.148.60', '190.2.148.60', '190.2.148.60', '190.2.148.60', '190.2.148.60']"
notary.net,7,4,332,113,5,"['97.64.129.7', '97.64.129.7', '97.64.129.7', '97.64.129.7', '97.64.129.7']"
yywater.tw,143,5,469,112,4,"['85.187.128.60', '85.187.128.60', '85.187.128.60', '85.187.128.60', '85.187.128.60']"
shopiro.ca,2107,5,4,113,4,"['51.222.110.142', '51.222.110.142', '51.222.110.142', '51.222.110.142', '51.222.110.142']"
facetfiez.space,7,5,5,112,122,"['104.21.45.210', '172.67.219.46', '104.21.45.210', '172.67.219.46', '104.21.45.210', '172.67.219.46', '172.67.219.46', '104.21.45.210', '104.21.45.210', '172.67.219.46']"
yztown.vip,4,6,5,112,7,"['199.59.243.223', '199.59.243.223', '199.59.243.223', '199.59.243.223', '199.59.243.223']"
openhealthnews.com,4,4,7,111,13,"['172.67.222.208', '104.21.62.98', '172.67.222.208', '104.21.62.98', '104.21.62.98', '172.67.222.208', '172.67.222.208', '104.21.62.98', '104.21.62.98', '172.67.222.208']"
euniverse.com,0,0,0,113,0,['52.15.96.207']
freestart.hu,168,5,136,112,924,"['161.35.220.214', '161.35.220.214', '161.35.220.214', '161.35.220.214', '161.35.220.214']"
google.com,4,5,4,112,62,"['142.251.128.78', '142.251.129.110', '142.250.219.174', '142.250.64.110', '142.250.219.206']"
youtube.com,60,5,4,112,56,"['142.251.128.142', '142.250.218.206', '142.251.129.206', '142.251.40.206', '142.251.128.142']"
facebook.com,5,9,4,112,4,"['157.240.12.35', '157.240.226.35', '157.240.226.35', '31.13.67.35', '157.240.12.35']"
a-msedge.net,0,0,0,0,0,[]
microsoft.com,5,5,5,113,4,"['20.81.111.85', '20.84.181.62', '20.103.85.33', '20.53.203.50', '20.112.52.29', '20.112.52.29', '20.84.181.62', '20.103.85.33', '20.53.203.50', '20.81.111.85', '20.84.181.62', '20.103.85.33', '20.53.203.50', '20.81.111.85', '20.112.52.29', '20.81.111.85', '20.84.181.62', '20.103.85.33', '20.53.203.50', '20.112.52.29', '20.103.85.33', '20.112.52.29', '20.53.203.50', '20.81.111.85', '20.84.181.62']"
netflix.com,4,6,4,112,7,"['3.225.92.8', '54.160.93.182', '3.211.157.115', '54.160.93.182', '3.211.157.115', '3.225.92.8', '3.230.129.93', '52.3.144.142', '54.237.226.164', '52.3.144.142', '3.230.129.93', '54.237.226.164', '52.3.144.142', '54.237.226.164', '3.230.129.93']"
epicgames.com,5,6,4,113,6,"['3.228.194.172', '3.232.100.130', '23.20.205.194', '54.226.83.163', '52.71.194.139', '18.213.59.57', '3.211.212.74', '34.192.40.46', '34.232.137.100', '54.210.212.240', '3.210.115.173', '3.228.194.172', '3.232.100.130', '52.2.162.131', '107.23.88.204', '3.211.207.12', '52.22.82.88', '34.203.148.103', '54.226.83.163', '18.232.4.194', '54.197.143.69', '3.230.29.161', '52.203.14.136', '54.210.212.240', '3.216.16.195', '18.213.59.57', '3.228.194.172', '18.232.4.194', '54.90.222.114', '34.203.148.103', '3.232.100.130', '52.86.209.73', '3.211.207.12', '3.228.194.172', '3.232.100.130', '34.206.236.114', '52.86.209.73', '52.203.14.136', '54.90.222.114', '3.210.115.173']"
akamaiedge.net,0,0,0,0,0,[]
gtld-servers.net,0,0,0,0,0,[]
twitter.com,5,5,4,114,4,"['104.244.42.129', '104.244.42.65', '104.244.42.1', '104.244.42.129', '104.244.42.193', '104.244.42.65', '104.244.42.193', '104.244.42.1', '104.244.42.65', '104.244.42.129', '104.244.42.193', '104.244.42.1', '104.244.42.65', '104.244.42.129']"
instagram.com,5,5,4,111,46,"['157.240.12.174', '157.240.226.174', '157.240.226.174', '31.13.71.174', '157.240.12.174']"
baidu.com,4,9,4,116,4,"['110.242.68.66', '39.156.66.10', '110.242.68.66', '39.156.66.10', '39.156.66.10', '110.242.68.66', '39.156.66.10', '110.242.68.66', '110.242.68.66', '39.156.66.10']"
amazonaws.com,3,5,4,112,5,"['207.171.166.22', '72.21.210.29', '72.21.206.80', '72.21.210.29', '207.171.166.22', '72.21.206.80', '72.21.206.80', '207.171.166.22', '72.21.210.29', '72.21.206.80', '207.171.166.22', '72.21.210.29', '207.171.166.22', '72.21.206.80', '72.21.210.29']"
apple.com,3,4,4,113,4,"['17.253.144.10', '17.253.144.10', '17.253.144.10', '17.253.144.10', '17.253.144.10']"
linkedin.com,4,5,4,113,5,"['13.107.42.14', '13.107.42.14', '13.107.42.14', '13.107.42.14', '13.107.42.14']"
cloudflare.com,4,5,4,112,4,"['104.16.133.229', '104.16.132.229', '104.16.133.229', '104.16.132.229', '104.16.132.229', '104.16.133.229', '104.16.132.229', '104.16.133.229', '104.16.133.229', '104.16.132.229']"
wikipedia.org,203,5,4,112,4,"['208.80.154.224', '208.80.154.224', '208.80.154.224', '208.80.154.224', '208.80.154.224']"
yahoo.com,4,6,5,114,5,"['74.6.143.25', '34.225.127.72', '74.6.231.20', '74.6.143.26', '98.137.11.163', '98.137.11.164', '54.161.105.65', '74.6.231.21', '74.6.143.26', '98.137.11.163', '74.6.143.25', '34.225.127.72', '98.137.11.164', '54.161.105.65', '74.6.231.20', '74.6.231.21', '98.137.11.163', '54.161.105.65', '98.137.11.164', '74.6.143.26', '34.225.127.72', '74.6.231.20', '74.6.143.25', '74.6.231.21', '74.6.143.26', '74.6.231.21', '34.225.127.72', '74.6.231.20', '98.137.11.164', '98.137.11.163', '74.6.143.25', '54.161.105.65', '34.225.127.72', '54.161.105.65', '74.6.143.25', '74.6.143.26', '74.6.231.20', '74.6.231.21', '98.137.11.163', '98.137.11.164']"
qq.com,4,5,5,112,5,"['183.3.226.35', '203.205.254.157', '123.151.137.18', '61.129.7.47', '203.205.254.157', '61.129.7.47', '123.151.137.18', '183.3.226.35', '183.3.226.35', '203.205.254.157', '61.129.7.47', '123.151.137.18', '61.129.7.47', '183.3.226.35', '203.205.254.157', '123.151.137.18', '203.205.254.157', '61.129.7.47', '123.151.137.18', '183.3.226.35']"
akamai.net,0,0,0,0,0,[]
domain1.tche.br,5,5,4,113,4,"['200.132.0.156', '200.132.0.156', '200.132.0.156', '200.132.0.156', '200.132.0.156']"
domain2.tche.br,24,5,5,113,125,"['200.132.0.156', '200.132.0.156', '200.132.0.156', '200.132.0.156', '200.132.0.156']"
domain3.tche.br,23,5,5,112,126,"['200.132.0.156', '200.132.0.156', '200.132.0.156', '200.132.0.156', '200.132.0.156']"
domain4.tche.br,5,5,5,113,4,"['200.132.0.156', '200.132.0.156', '200.132.0.156', '200.132.0.156', '200.132.0.156']"
domain5.tche.br,5,7,4,113,125,"['200.132.0.156', '200.132.0.156', '200.132.0.156', '200.132.0.156', '200.132.0.156']"
domain6.tche.br,24,7,5,113,130,"['200.132.0.156', '200.132.0.156', '200.132.0.156', '200.132.0.156', '200.132.0.156']"
domain7.tche.br,23,5,63,113,5,"['200.132.0.156', '200.132.0.156', '200.132.0.156', '200.132.0.156', '200.132.0.156']"
domain8.tche.br,26,5,4,114,125,"['200.132.0.156', '200.132.0.156', '200.132.0.156', '200.132.0.156', '200.132.0.156']"
domain9.tche.br,3,4,61,113,126,"['200.132.0.156', '200.132.0.156', '200.132.0.156', '200.132.0.156', '200.132.0.156']"
domain10.tche.br,24,7,62,115,5,"['200.132.0.156', '200.132.0.156', '200.132.0.156', '200.132.0.156', '200.132.0.156']"
domain11.tche.br,5,5,4,113,5,"['200.132.0.156', '200.132.0.156', '200.132.0.156', '200.132.0.156', '200.132.0.156']"
domain12.tche.br,4,4,4,113,4,"['200.132.0.156', '200.132.0.156', '200.132.0.156', '200.132.0.156', '200.132.0.156']"
domain13.tche.br,4,5,4,112,4,"['200.132.0.156', '200.132.0.156', '200.132.0.156', '200.132.0.156', '200.132.0.156']"
domain14.tche.br,4,5,5,113,4,"['200.132.0.156', '200.132.0.156', '200.132.0.156', '200.132.0.156', '200.132.0.156']"
domain15.tche.br,4,5,6,113,4,"['200.132.0.156', '200.132.0.156', '200.132.0.156', '200.132.0.156', '200.132.0.156']"
domain16.tche.br,4,5,4,114,3,"['200.132.0.156', '200.132.0.156', '200.132.0.156', '200.132.0.156', '200.132.0.156']"
domain17.tche.br,24,5,5,113,4,"['200.132.0.156', '200.132.0.156', '200.132.0.156', '200.132.0.156', '200.132.0.156']"
domain18.tche.br,4,4,4,113,4,"['200.132.0.156', '200.132.0.156', '200.132.0.156', '200.132.0.156', '200.132.0.156']"
domain19.tche.br,4,4,4,113,5,"['200.132.0.156', '200.132.0.156', '200.132.0.156', '200.132.0.156', '200.132.0.156']"
domain20.tche.br,24,5,4,112,4,"['200.132.0.156', '200.132.0.156', '200.132.0.156', '200.132.0.156', '200.132.0.156']"
tabsite.com,4,4,430,112,4,"['142.93.245.3', '142.93.245.3', '142.93.245.3', '142.93.245.3', '142.93.245.3']"
yuukagetsu.com,4,4,6,112,597,"['153.127.214.195', '153.127.214.195', '153.127.214.195', '153.127.214.195', '153.127.214.195']"
kafene.com,4,7,5,113,10,"['172.67.139.4', '104.21.46.126', '104.21.46.126', '172.67.139.4', '172.67.139.4', '104.21.46.126', '172.67.139.4', '104.21.46.126', '104.21.46.126', '172.67.139.4']"
yuzu-tosou.com,5,5,9,112,1376,"['183.181.82.28', '183.181.82.28', '183.181.82.28', '183.181.82.28', '183.181.82.28']"
lotzadollars.com,112,5,239,113,447,"['64.59.81.118', '64.59.81.118', '64.59.81.118', '64.59.81.118', '64.59.81.118']"
ywproperty.com,4,5,5,112,4,"['192.124.249.179', '192.124.249.179', '192.124.249.179', '192.124.249.179', '192.124.249.179']"
yxbabe.com,214,5,4,111,1920,"['47.108.200.10', '47.108.200.10', '47.108.200.10', '47.108.200.10', '47.108.200.10']"
gtd4xzbo4mycmst.com,0,0,0,0,0,[]
joyfulhour.net,4,4,114,113,4,"['3.33.130.190', '15.197.148.33', '15.197.148.33', '3.33.130.190', '3.33.130.190', '15.197.148.33', '3.33.130.190', '15.197.148.33', '15.197.148.33', '3.33.130.190']"
bentoncollections.com,5,5,5,112,4,"['23.227.38.32', '23.227.38.32', '23.227.38.32', '23.227.38.32', '23.227.38.32']"
yyfxgzs.com,0,0,0,0,0,[]
bonpost.ru,5,18,4,112,791,"['190.2.148.60', '190.2.148.60', '190.2.148.60', '190.2.148.60', '190.2.148.60']"
notary.net,4,17,4,111,4,"['97.64.129.7', '97.64.129.7', '97.64.129.7', '97.64.129.7', '97.64.129.7']"
yywater.tw,4,17,4,112,4,"['85.187.128.60', '85.187.128.60', '85.187.128.60', '85.187.128.60', '85.187.128.60']"
shopiro.ca,3,5,5,112,429,"['51.222.110.142', '51.222.110.142', '51.222.110.142', '51.222.110.142', '51.222.110.142']"
facetfiez.space,5,5,6,112,121,"['172.67.219.46', '104.21.45.210', '104.21.45.210', '172.67.219.46', '172.67.219.46', '104.21.45.210', '172.67.219.46', '104.21.45.210', '172.67.219.46', '104.21.45.210']"
yztown.vip,121,5,4,112,107,"['199.59.243.223', '199.59.243.223', '199.59.243.223', '199.59.243.223', '199.59.243.223']"
openhealthnews.com,5,5,4,112,5,"['104.21.62.98', '172.67.222.208', '172.67.222.208', '104.21.62.98', '104.21.62.98', '172.67.222.208', '172.67.222.208', '104.21.62.98', '104.21.62.98', '172.67.222.208']"
euniverse.com,0,0,0,112,0,['52.15.96.207']
freestart.hu,159,5,6,112,121,"['161.35.220.214', '161.35.220.214', '161.35.220.214', '161.35.220.214', '161.35.220.214']"
google.com,4,5,4,112,59,"['142.250.219.206', '142.251.129.110', '142.251.129.238', '142.250.65.238', '142.250.219.206']"
youtube.com,5,8,5,112,62,"['142.251.132.238', '142.250.218.206', '142.251.128.142', '142.251.40.206', '142.251.128.142']"
facebook.com,5,4,4,113,46,"['157.240.12.35', '157.240.226.35', '31.13.85.36', '31.13.71.36', '157.240.12.35']"
a-msedge.net,0,0,0,0,0,[]
microsoft.com,4,5,5,112,5,"['20.81.111.85', '20.84.181.62', '20.103.85.33', '20.53.203.50', '20.112.52.29', '20.112.52.29', '20.84.181.62', '20.103.85.33', '20.53.203.50', '20.81.111.85', '20.103.85.33', '20.81.111.85', '20.84.181.62', '20.112.52.29', '20.53.203.50', '20.81.111.85', '20.84.181.62', '20.103.85.33', '20.53.203.50', '20.112.52.29', '20.81.111.85', '20.84.181.62', '20.103.85.33', '20.112.52.29', '20.53.203.50']"
netflix.com,8,6,5,117,6,"['3.230.129.93', '54.237.226.164', '52.3.144.142', '52.3.144.142', '3.230.129.93', '54.237.226.164', '54.237.226.164', '52.3.144.142', '3.230.129.93', '3.230.129.93', '52.3.144.142', '54.237.226.164', '54.160.93.182', '3.211.157.115', '3.225.92.8']"
epicgames.com,4,6,7,113,5,"['174.129.246.223', '52.86.209.73', '18.232.4.194', '52.207.120.16', '52.22.246.29', '3.86.126.224', '52.22.82.88', '54.235.191.8', '52.71.194.139', '3.208.225.137', '3.228.194.172', '34.193.109.40', '3.224.231.164', '54.157.155.117', '52.22.82.88', '107.23.88.204', '34.205.180.101', '44.215.224.99', '3.208.225.137', '54.226.83.163', '54.90.222.114', '35.169.142.199', '3.211.207.12', '54.87.93.14', '3.230.29.161', '3.210.115.173', '34.205.180.101', '3.232.100.130', '3.211.212.74', '3.228.194.172', '52.207.120.16', '3.208.225.137', '35.169.142.199', '52.71.194.139', '52.203.14.136', '3.86.126.224', '3.230.29.161', '3.232.100.130', '18.213.59.57', '34.192.116.37']"
akamaiedge.net,0,0,0,0,0,[]
gtld-servers.net,0,0,0,0,0,[]
twitter.com,7,4,4,115,5,"['104.244.42.193', '104.244.42.65', '104.244.42.1', '104.244.42.129', '104.244.42.65', '104.244.42.129', '104.244.42.193', '104.244.42.1', '104.244.42.65', '104.244.42.129', '104.244.42.1', '104.244.42.65', '104.244.42.129', '104.244.42.193']"
instagram.com,5,10,4,112,4,"['157.240.12.174', '157.240.226.174', '157.240.226.174', '31.13.71.174', '157.240.12.174']"
baidu.com,4,5,4,114,4,"['110.242.68.66', '39.156.66.10', '110.242.68.66', '39.156.66.10', '110.242.68.66', '39.156.66.10', '39.156.66.10', '110.242.68.66', '110.242.68.66', '39.156.66.10']"
amazonaws.com,4,5,4,114,4,"['207.171.166.22', '72.21.210.29', '72.21.206.80', '72.21.210.29', '207.171.166.22', '72.21.206.80', '72.21.210.29', '72.21.206.80', '207.171.166.22', '72.21.206.80', '72.21.210.29', '207.171.166.22', '72.21.206.80', '72.21.210.29', '207.171.166.22']"
apple.com,3,5,4,113,4,"['17.253.144.10', '17.253.144.10', '17.253.144.10', '17.253.144.10', '17.253.144.10']"
linkedin.com,10,5,5,112,6,"['13.107.42.14', '13.107.42.14', '13.107.42.14', '13.107.42.14', '13.107.42.14']"
cloudflare.com,8,5,3,112,4,"['104.16.132.229', '104.16.133.229', '104.16.133.229', '104.16.132.229', '104.16.132.229', '104.16.133.229', '104.16.133.229', '104.16.132.229', '104.16.133.229', '104.16.132.229']"
wikipedia.org,5,5,4,111,140,"['208.80.154.224', '208.80.154.224', '208.80.154.224', '208.80.154.224', '208.80.154.224']"
yahoo.com,4,4,4,114,4,"['74.6.231.20', '98.137.11.164', '74.6.143.25', '98.137.11.163', '34.225.127.72', '74.6.231.21', '74.6.143.26', '54.161.105.65', '74.6.143.26', '98.137.11.163', '74.6.143.25', '34.225.127.72', '98.137.11.164', '54.161.105.65', '74.6.231.20', '74.6.231.21', '34.225.127.72', '54.161.105.65', '74.6.231.21', '74.6.231.20', '98.137.11.163', '74.6.143.25', '98.137.11.164', '74.6.143.26', '74.6.143.26', '74.6.231.21', '34.225.127.72', '74.6.231.20', '98.137.11.164', '98.137.11.163', '74.6.143.25', '54.161.105.65', '74.6.231.21', '98.137.11.163', '98.137.11.164', '34.225.127.72', '54.161.105.65', '74.6.143.25', '74.6.143.26', '74.6.231.20']"
qq.com,5,7,4,113,4,"['61.129.7.47', '183.3.226.35', '203.205.254.157', '123.151.137.18', '203.205.254.157', '61.129.7.47', '123.151.137.18', '183.3.226.35', '183.3.226.35', '123.151.137.18', '61.129.7.47', '203.205.254.157', '61.129.7.47', '183.3.226.35', '203.205.254.157', '123.151.137.18', '183.3.226.35', '203.205.254.157', '61.129.7.47', '123.151.137.18']"
akamai.net,0,0,0,0,0,[]
domain1.tche.br,23,6,5,113,4,"['200.132.0.156', '200.132.0.156', '200.132.0.156', '200.132.0.156', '200.132.0.156']"
domain2.tche.br,26,5,63,114,131,"['200.132.0.156', '200.132.0.156', '200.132.0.156', '200.132.0.156', '200.132.0.156']"
domain3.tche.br,22,6,4,112,127,"['200.132.0.156', '200.132.0.156', '200.132.0.156', '200.132.0.156', '200.132.0.156']"
domain4.tche.br,22,5,5,117,130,"['200.132.0.156', '200.132.0.156', '200.132.0.156', '200.132.0.156', '200.132.0.156']"
domain5.tche.br,5,4,60,113,131,"['200.132.0.156', '200.132.0.156', '200.132.0.156', '200.132.0.156', '200.132.0.156']"
domain6.tche.br,5,5,66,113,4,"['200.132.0.156', '200.132.0.156', '200.132.0.156', '200.132.0.156', '200.132.0.156']"
domain7.tche.br,4,5,5,113,131,"['200.132.0.156', '200.132.0.156', '200.132.0.156', '200.132.0.156', '200.132.0.156']"
domain8.tche.br,25,5,5,112,131,"['200.132.0.156', '200.132.0.156', '200.132.0.156', '200.132.0.156', '200.132.0.156']"
domain9.tche.br,26,5,4,113,126,"['200.132.0.156', '200.132.0.156', '200.132.0.156', '200.132.0.156', '200.132.0.156']"
domain10.tche.br,21,5,4,113,131,"['200.132.0.156', '200.132.0.156', '200.132.0.156', '200.132.0.156', '200.132.0.156']"
domain11.tche.br,5,5,65,113,4,"['200.132.0.156', '200.132.0.156', '200.132.0.156', '200.132.0.156', '200.132.0.156']"
domain12.tche.br,26,5,62,113,4,"['200.132.0.156', '200.132.0.156', '200.132.0.156', '200.132.0.156', '200.132.0.156']"
domain13.tche.br,4,5,4,113,4,"['200.132.0.156', '200.132.0.156', '200.132.0.156', '200.132.0.156', '200.132.0.156']"
domain14.tche.br,23,5,5,113,4,"['200.132.0.156', '200.132.0.156', '200.132.0.156', '200.132.0.156', '200.132.0.156']"
domain15.tche.br,4,4,4,113,5,"['200.132.0.156', '200.132.0.156', '200.132.0.156', '200.132.0.156', '200.132.0.156']"
domain16.tche.br,6,4,4,113,4,"['200.132.0.156', '200.132.0.156', '200.132.0.156', '200.132.0.156', '200.132.0.156']"
domain17.tche.br,5,5,5,113,4,"['200.132.0.156', '200.132.0.156', '200.132.0.156', '200.132.0.156', '200.132.0.156']"
domain18.tche.br,21,4,5,112,3,"['200.132.0.156', '200.132.0.156', '200.132.0.156', '200.132.0.156', '200.132.0.156']"
domain19.tche.br,24,5,4,113,4,"['200.132.0.156', '200.132.0.156', '200.132.0.156', '200.132.0.156', '200.132.0.156']"
domain20.tche.br,26,9,4,113,4,"['200.132.0.156', '200.132.0.156', '200.132.0.156', '200.132.0.156', '200.132.0.156']"
tabsite.com,4,5,4,111,4,"['142.93.245.3', '142.93.245.3', '142.93.245.3', '142.93.245.3', '142.93.245.3']"
yuukagetsu.com,263,5,4,113,4,"['153.127.214.195', '153.127.214.195', '153.127.214.195', '153.127.214.195', '153.127.214.195']"
kafene.com,11,5,5,112,4,"['104.21.46.126', '172.67.139.4', '104.21.46.126', '172.67.139.4', '172.67.139.4', '104.21.46.126', '172.67.139.4', '104.21.46.126', '172.67.139.4', '104.21.46.126']"
yuzu-tosou.com,4,4,4,113,5,"['183.181.82.28', '183.181.82.28', '183.181.82.28', '183.181.82.28', '183.181.82.28']"
lotzadollars.com,4,5,7,113,4,"['64.59.81.118', '64.59.81.118', '64.59.81.118', '64.59.81.118', '64.59.81.118']"
ywproperty.com,5,5,5,112,4,"['192.124.249.179', '192.124.249.179', '192.124.249.179', '192.124.249.179', '192.124.249.179']"
yxbabe.com,4,4,5,112,4,"['47.108.200.10', '47.108.200.10', '47.108.200.10', '47.108.200.10', '47.108.200.10']"
gtd4xzbo4mycmst.com,0,0,0,0,0,[]
joyfulhour.net,112,5,460,113,9,"['3.33.130.190', '15.197.148.33', '15.197.148.33', '3.33.130.190', '3.33.130.190', '15.197.148.33', '3.33.130.190', '15.197.148.33', '15.197.148.33', '3.33.130.190']"
bentoncollections.com,5,5,4,112,4,"['23.227.38.32', '23.227.38.32', '23.227.38.32', '23.227.38.32', '23.227.38.32']"
yyfxgzs.com,0,0,0,0,0,[]
bonpost.ru,4,4,207,112,4,"['190.2.148.60', '190.2.148.60', '190.2.148.60', '190.2.148.60', '190.2.148.60']"
notary.net,4,5,4,111,4,"['97.64.129.7', '97.64.129.7', '97.64.129.7', '97.64.129.7', '97.64.129.7']"
yywater.tw,4,5,4,114,4,"['85.187.128.60', '85.187.128.60', '85.187.128.60', '85.187.128.60', '85.187.128.60']"
shopiro.ca,135,5,4,112,4,"['51.222.110.142', '51.222.110.142', '51.222.110.142', '51.222.110.142', '51.222.110.142']"
facetfiez.space,4,5,4,112,120,"['172.67.219.46', '104.21.45.210', '104.21.45.210', '172.67.219.46', '104.21.45.210', '172.67.219.46', '104.21.45.210', '172.67.219.46', '104.21.45.210', '172.67.219.46']"
yztown.vip,4,5,5,111,4,"['199.59.243.223', '199.59.243.223', '199.59.243.223', '199.59.243.223', '199.59.243.223']"
openhealthnews.com,4,5,4,112,122,"['172.67.222.208', '104.21.62.98', '172.67.222.208', '104.21.62.98', '172.67.222.208', '104.21.62.98', '172.67.222.208', '104.21.62.98', '172.67.222.208', '104.21.62.98']"
euniverse.com,0,0,0,112,0,['52.15.96.207']
freestart.hu,169,5,738,113,1223,"['161.35.220.214', '161.35.220.214', '161.35.220.214', '161.35.220.214', '161.35.220.214']"
google.com,5,5,4,112,61,"['142.251.128.78', '142.251.129.110', '142.250.219.14', '142.250.65.238', '142.250.219.206']"
youtube.com,4,4,4,112,53,"['142.251.128.142', '142.250.218.206', '142.250.219.238', '142.250.64.78', '142.251.128.142']"
facebook.com,4,4,4,112,4,"['157.240.12.35', '157.240.226.35', '157.240.12.35', '31.13.71.36', '157.240.12.35']"
a-msedge.net,0,0,0,0,0,[]
microsoft.com,4,5,5,112,4,"['20.81.111.85', '20.84.181.62', '20.103.85.33', '20.53.203.50', '20.112.52.29', '20.112.52.29', '20.84.181.62', '20.103.85.33', '20.53.203.50', '20.81.111.85', '20.112.52.29', '20.81.111.85', '20.103.85.33', '20.53.203.50', '20.84.181.62', '20.81.111.85', '20.84.181.62', '20.103.85.33', '20.53.203.50', '20.112.52.29', '20.53.203.50', '20.81.111.85', '20.84.181.62', '20.103.85.33', '20.112.52.29']"
netflix.com,6,5,3,114,7,"['54.160.93.182', '3.225.92.8', '3.211.157.115', '52.3.144.142', '3.230.129.93', '54.237.226.164', '54.237.226.164', '52.3.144.142', '3.230.129.93', '3.230.129.93', '52.3.144.142', '54.237.226.164', '54.237.226.164', '3.230.129.93', '52.3.144.142']"
epicgames.com,4,6,5,120,5,"['34.193.109.40', '54.89.15.95', '34.193.142.121', '3.233.179.35', '54.197.143.69', '34.236.240.206', '34.225.166.220', '3.208.225.137', '52.71.194.139', '3.208.225.137', '3.228.194.172', '34.193.109.40', '3.224.231.164', '54.157.155.117', '52.22.82.88', '107.23.88.204', '35.169.142.199', '54.87.93.14', '3.211.207.12', '54.90.222.114', '44.215.224.99', '34.205.180.101', '54.226.83.163', '3.208.225.137', '3.211.212.74', '34.193.142.121', '54.210.212.240', '3.216.16.195', '3.211.207.12', '34.203.119.126', '52.22.246.29', '52.2.162.131', '34.203.119.126', '34.225.166.220', '35.169.142.199', '52.71.194.139', '54.226.212.47', '107.23.88.204', '3.224.231.164', '3.228.194.172']"
akamaiedge.net,0,0,0,0,0,[]
gtld-servers.net,0,0,0,0,0,[]
twitter.com,7,5,4,113,4,"['104.244.42.193', '104.244.42.65', '104.244.42.129', '104.244.42.1', '104.244.42.65', '104.244.42.129', '104.244.42.193', '104.244.42.1', '104.244.42.65', '104.244.42.129', '104.244.42.193']"
instagram.com,8,5,4,111,5,"['157.240.12.174', '157.240.226.174', '157.240.12.174', '31.13.71.174', '157.240.12.174']"
baidu.com,4,5,4,113,4,"['39.156.66.10', '110.242.68.66', '110.242.68.66', '39.156.66.10', '39.156.66.10', '110.242.68.66', '39.156.66.10', '110.242.68.66', '39.156.66.10', '110.242.68.66']"
amazonaws.com,4,5,4,113,4,"['72.21.210.29', '72.21.206.80', '207.171.166.22', '72.21.210.29', '207.171.166.22', '72.21.206.80', '207.171.166.22', '72.21.210.29', '72.21.206.80', '207.171.166.22', '72.21.210.29', '72.21.206.80', '207.171.166.22', '72.21.206.80', '72.21.210.29']"
apple.com,4,4,4,115,4,"['17.253.144.10', '17.253.144.10', '17.253.144.10', '17.253.144.10', '17.253.144.10']"
linkedin.com,10,5,12,111,13,"['13.107.42.14', '13.107.42.14', '13.107.42.14', '13.107.42.14', '13.107.42.14']"
cloudflare.com,4,5,4,111,4,"['104.16.133.229', '104.16.132.229', '104.16.133.229', '104.16.132.229', '104.16.132.229', '104.16.133.229', '104.16.133.229', '104.16.132.229', '104.16.132.229', '104.16.133.229']"
wikipedia.org,4,5,4,112,5,"['208.80.154.224', '208.80.154.224', '208.80.154.224', '208.80.154.224', '208.80.154.224']"
yahoo.com,4,6,4,115,5,"['74.6.143.25', '74.6.231.20', '54.161.105.65', '74.6.143.26', '98.137.11.163', '98.137.11.164', '34.225.127.72', '74.6.231.21', '74.6.143.26', '98.137.11.163', '74.6.143.25', '34.225.127.72', '98.137.11.164', '54.161.105.65', '74.6.231.20', '74.6.231.21', '98.137.11.163', '34.225.127.72', '98.137.11.164', '74.6.143.25', '54.161.105.65', '74.6.231.21', '74.6.231.20', '74.6.143.26', '74.6.143.26', '74.6.231.21', '34.225.127.72', '74.6.231.20', '98.137.11.164', '98.137.11.163', '74.6.143.25', '54.161.105.65', '74.6.143.26', '74.6.231.20', '74.6.231.21', '98.137.11.163', '98.137.11.164', '34.225.127.72', '54.161.105.65', '74.6.143.25']"
qq.com,4,5,4,114,5,"['203.205.254.157', '123.151.137.18', '61.129.7.47', '183.3.226.35', '203.205.254.157', '61.129.7.47', '123.151.137.18', '183.3.226.35', '123.151.137.18', '183.3.226.35', '203.205.254.157', '61.129.7.47', '183.3.226.35', '203.205.254.157', '123.151.137.18', '61.129.7.47', '183.3.226.35', '203.205.254.157', '61.129.7.47', '123.151.137.18']"
akamai.net,0,0,0,0,0,[]
domain1.tche.br,4,4,22,113,130,"['200.132.0.156', '200.132.0.156', '200.132.0.156', '200.132.0.156', '200.132.0.156']"
domain2.tche.br,4,4,4,113,130,"['200.132.0.156', '200.132.0.156', '200.132.0.156', '200.132.0.156', '200.132.0.156']"
domain3.tche.br,27,5,4,113,130,"['200.132.0.156', '200.132.0.156', '200.132.0.156', '200.132.0.156', '200.132.0.156']"
domain4.tche.br,24,6,4,114,4,"['200.132.0.156', '200.132.0.156', '200.132.0.156', '200.132.0.156', '200.132.0.156']"
domain5.tche.br,4,5,88,113,131,"['200.132.0.156', '200.132.0.156', '200.132.0.156', '200.132.0.156', '200.132.0.156']"
domain6.tche.br,4,4,5,112,5,"['200.132.0.156', '200.132.0.156', '200.132.0.156', '200.132.0.156', '200.132.0.156']"
domain7.tche.br,6,5,61,113,131,"['200.132.0.156', '200.132.0.156', '200.132.0.156', '200.132.0.156', '200.132.0.156']"
domain8.tche.br,4,5,4,114,130,"['200.132.0.156', '200.132.0.156', '200.132.0.156', '200.132.0.156', '200.132.0.156']"
domain9.tche.br,25,5,22,113,532,"['200.132.0.156', '200.132.0.156', '200.132.0.156', '200.132.0.156', '200.132.0.156']"
domain10.tche.br,24,5,4,113,4,"['200.132.0.156', '200.132.0.156', '200.132.0.156', '200.132.0.156', '200.132.0.156']"
domain11.tche.br,7,5,5,112,4,"['200.132.0.156', '200.132.0.156', '200.132.0.156', '200.132.0.156', '200.132.0.156']"
domain12.tche.br,5,5,5,112,4,"['200.132.0.156', '200.132.0.156', '200.132.0.156', '200.132.0.156', '200.132.0.156']"
domain13.tche.br,26,5,5,113,4,"['200.132.0.156', '200.132.0.156', '200.132.0.156', '200.132.0.156', '200.132.0.156']"
domain14.tche.br,4,5,64,112,125,"['200.132.0.156', '200.132.0.156', '200.132.0.156', '200.132.0.156', '200.132.0.156']"
domain15.tche.br,4,5,4,112,5,"['200.132.0.156', '200.132.0.156', '200.132.0.156', '200.132.0.156', '200.132.0.156']"
domain16.tche.br,4,5,4,112,4,"['200.132.0.156', '200.132.0.156', '200.132.0.156', '200.132.0.156', '200.132.0.156']"
domain17.tche.br,4,5,4,114,4,"['200.132.0.156', '200.132.0.156', '200.132.0.156', '200.132.0.156', '200.132.0.156']"
domain18.tche.br,4,6,4,115,4,"['200.132.0.156', '200.132.0.156', '200.132.0.156', '200.132.0.156', '200.132.0.156']"
domain19.tche.br,4,4,4,113,4,"['200.132.0.156', '200.132.0.156', '200.132.0.156', '200.132.0.156', '200.132.0.156']"
domain20.tche.br,20,4,5,114,4,"['200.132.0.156', '200.132.0.156', '200.132.0.156', '200.132.0.156', '200.132.0.156']"
tabsite.com,4,5,5,114,221,"['142.93.245.3', '142.93.245.3', '142.93.245.3', '142.93.245.3', '142.93.245.3']"
yuukagetsu.com,261,4,4,111,606,"['153.127.214.195', '153.127.214.195', '153.127.214.195', '153.127.214.195', '153.127.214.195']"
kafene.com,12,5,4,111,115,"['172.67.139.4', '104.21.46.126', '104.21.46.126', '172.67.139.4', '104.21.46.126', '172.67.139.4', '172.67.139.4', '104.21.46.126', '104.21.46.126', '172.67.139.4']"
yuzu-tosou.com,4,5,4,112,1510,"['183.181.82.28', '183.181.82.28', '183.181.82.28', '183.181.82.28', '183.181.82.28']"
lotzadollars.com,111,4,6,113,313,"['64.59.81.118', '64.59.81.118', '64.59.81.118', '64.59.81.118', '64.59.81.118']"
ywproperty.com,4,4,116,114,4,"['192.124.249.179', '192.124.249.179', '192.124.249.179', '192.124.249.179', '192.124.249.179']"
yxbabe.com,7,11,4,111,3,"['47.108.200.10', '47.108.200.10', '47.108.200.10', '47.108.200.10', '47.108.200.10']"
gtd4xzbo4mycmst.com,0,0,0,0,0,[]
joyfulhour.net,113,5,4,112,5,"['3.33.130.190', '15.197.148.33', '15.197.148.33', '3.33.130.190', '3.33.130.190', '15.197.148.33', '3.33.130.190', '15.197.148.33', '3.33.130.190', '15.197.148.33']"
bentoncollections.com,5,5,223,113,4,"['23.227.38.32', '23.227.38.32', '23.227.38.32', '23.227.38.32', '23.227.38.32']"
yyfxgzs.com,0,0,0,0,0,[]
bonpost.ru,8,4,644,111,4,"['190.2.148.60', '190.2.148.60', '190.2.148.60', '190.2.148.60', '190.2.148.60']"
notary.net,4,4,4,111,8,"['97.64.129.7', '97.64.129.7', '97.64.129.7', '97.64.129.7', '97.64.129.7']"
yywater.tw,5,5,4,112,4,"['85.187.128.60', '85.187.128.60', '85.187.128.60', '85.187.128.60', '85.187.128.60']"
shopiro.ca,4,5,4,112,4,"['51.222.110.142', '51.222.110.142', '51.222.110.142', '51.222.110.142', '51.222.110.142']"
facetfiez.space,5,5,10,113,4,"['172.67.219.46', '104.21.45.210', '104.21.45.210', '172.67.219.46', '172.67.219.46', '104.21.45.210', '172.67.219.46', '104.21.45.210', '104.21.45.210', '172.67.219.46']"
yztown.vip,4,5,5,112,4,"['199.59.243.223', '199.59.243.223', '199.59.243.223', '199.59.243.223', '199.59.243.223']"
openhealthnews.com,4,5,6,113,9,"['172.67.222.208', '104.21.62.98', '172.67.222.208', '104.21.62.98', '172.67.222.208', '104.21.62.98', '104.21.62.98', '172.67.222.208', '104.21.62.98', '172.67.222.208']"
euniverse.com,0,0,0,112,0,['52.15.96.207']
freestart.hu,165,218,132,112,122,"['161.35.220.214', '161.35.220.214', '161.35.220.214', '161.35.220.214', '161.35.220.214']"
google.com,4,5,5,112,59,"['142.250.219.206', '142.251.129.110', '142.250.219.46', '142.250.65.238', '142.250.219.206']"
youtube.com,5,4,4,115,53,"['142.251.129.110', '142.250.218.206', '142.251.128.14', '142.250.64.78', '142.251.128.142']"
facebook.com,6,6,5,113,46,"['157.240.12.35', '157.240.226.35', '157.240.12.35', '31.13.71.36', '157.240.12.35']"
a-msedge.net,0,0,0,0,0,[]
microsoft.com,4,32,5,112,4,"['20.81.111.85', '20.84.181.62', '20.103.85.33', '20.53.203.50', '20.112.52.29', '20.112.52.29', '20.84.181.62', '20.103.85.33', '20.53.203.50', '20.81.111.85', '20.81.111.85', '20.84.181.62', '20.112.52.29', '20.103.85.33', '20.53.203.50', '20.81.111.85', '20.84.181.62', '20.103.85.33', '20.53.203.50', '20.112.52.29', '20.112.52.29', '20.53.203.50', '20.81.111.85', '20.84.181.62', '20.103.85.33']"
netflix.com,8,42,6,114,7,"['54.237.226.164', '3.230.129.93', '52.3.144.142', '52.3.144.142', '54.237.226.164', '3.230.129.93', '3.211.157.115', '54.160.93.182', '3.225.92.8', '3.230.129.93', '52.3.144.142', '54.237.226.164', '3.230.129.93', '52.3.144.142', '54.237.226.164']"
epicgames.com,5,6,5,142,5,"['3.210.97.92', '34.205.180.101', '107.23.88.204', '34.225.166.220', '54.87.93.14', '3.224.231.164', '3.232.100.130', '18.213.59.57', '52.71.194.139', '3.208.225.137', '3.228.194.172', '34.193.109.40', '3.224.231.164', '54.157.155.117', '52.22.82.88', '107.23.88.204', '34.232.137.100', '54.87.93.14', '3.86.126.224', '18.232.4.194', '34.225.166.220', '3.210.97.92', '52.86.209.73', '107.23.88.204', '52.2.162.131', '3.211.212.74', '34.203.119.126', '52.207.120.16', '52.203.14.136', '52.86.209.73', '3.224.229.142', '3.228.194.172', '3.233.179.35', '23.20.205.194', '34.206.236.114', '34.232.137.100', '44.215.224.99', '54.90.222.114', '54.226.212.47', '3.232.100.130']"
akamaiedge.net,0,0,0,0,0,[]
gtld-servers.net,0,0,0,0,0,[]
twitter.com,5,4,4,114,4,"['104.244.42.193', '104.244.42.1', '104.244.42.129', '104.244.42.65', '104.244.42.65', '104.244.42.129', '104.244.42.65', '104.244.42.65']"
instagram.com,8,5,5,112,4,"['157.240.12.174', '157.240.222.174', '31.13.85.174', '31.13.71.174', '157.240.12.174']"
baidu.com,4,5,5,353,4,"['39.156.66.10', '110.242.68.66', '110.242.68.66', '39.156.66.10', '110.242.68.66', '39.156.66.10', '39.156.66.10', '110.242.68.66', '39.156.66.10', '110.242.68.66']"
amazonaws.com,4,5,4,113,4,"['207.171.166.22', '72.21.206.80', '72.21.210.29', '72.21.210.29', '207.171.166.22', '72.21.206.80', '207.171.166.22', '72.21.206.80', '72.21.210.29', '72.21.206.80', '72.21.210.29', '207.171.166.22', '207.171.166.22', '72.21.206.80', '72.21.210.29']"
apple.com,4,5,4,114,4,"['17.253.144.10', '17.253.144.10', '17.253.144.10', '17.253.144.10', '17.253.144.10']"
linkedin.com,14,4,5,114,5,"['13.107.42.14', '13.107.42.14', '13.107.42.14', '13.107.42.14', '13.107.42.14']"
cloudflare.com,7,5,4,111,6,"['104.16.132.229', '104.16.133.229', '104.16.133.229', '104.16.132.229', '104.16.133.229', '104.16.132.229', '104.16.133.229', '104.16.132.229', '104.16.133.229', '104.16.132.229']"
wikipedia.org,203,5,4,111,3,"['208.80.154.224', '208.80.154.224', '208.80.154.224', '208.80.154.224', '208.80.154.224']"
yahoo.com,5,5,5,114,4,"['74.6.231.21', '34.225.127.72', '98.137.11.164', '74.6.143.25', '54.161.105.65', '74.6.143.26', '74.6.231.20', '98.137.11.163', '74.6.143.26', '98.137.11.163', '74.6.143.25', '34.225.127.72', '98.137.11.164', '54.161.105.65', '74.6.231.20', '74.6.231.21', '74.6.143.26', '98.137.11.164', '34.225.127.72', '54.161.105.65', '74.6.231.21', '98.137.11.163', '74.6.143.25', '74.6.231.20', '74.6.143.25', '98.137.11.163', '54.161.105.65', '74.6.231.20', '34.225.127.72', '74.6.143.26', '74.6.231.21', '98.137.11.164', '74.6.231.21', '98.137.11.163', '98.137.11.164', '34.225.127.72', '54.161.105.65', '74.6.143.25', '74.6.143.26', '74.6.231.20']"
qq.com,4,4,3,112,4,"['61.129.7.47', '183.3.226.35', '203.205.254.157', '123.151.137.18', '203.205.254.157', '61.129.7.47', '123.151.137.18', '183.3.226.35', '203.205.254.157', '123.151.137.18', '61.129.7.47', '183.3.226.35', '61.129.7.47', '183.3.226.35', '203.205.254.157', '123.151.137.18', '203.205.254.157', '61.129.7.47', '123.151.137.18', '183.3.226.35']"
akamai.net,0,0,0,0,0,[]
domain1.tche.br,23,5,4,113,131,"['200.132.0.156', '200.132.0.156', '200.132.0.156', '200.132.0.156', '200.132.0.156']"
domain2.tche.br,4,5,4,113,4,"['200.132.0.156', '200.132.0.156', '200.132.0.156', '200.132.0.156', '200.132.0.156']"
domain3.tche.br,4,5,4,115,131,"['200.132.0.156', '200.132.0.156', '200.132.0.156', '200.132.0.156', '200.132.0.156']"
domain4.tche.br,4,5,60,117,125,"['200.132.0.156', '200.132.0.156', '200.132.0.156', '200.132.0.156', '200.132.0.156']"
domain5.tche.br,5,5,5,113,131,"['200.132.0.156', '200.132.0.156', '200.132.0.156', '200.132.0.156', '200.132.0.156']"
domain6.tche.br,25,6,64,113,131,"['200.132.0.156', '200.132.0.156', '200.132.0.156', '200.132.0.156', '200.132.0.156']"
domain7.tche.br,22,5,5,114,131,"['200.132.0.156', '200.132.0.156', '200.132.0.156', '200.132.0.156', '200.132.0.156']"
domain8.tche.br,28,5,62,112,416,"['200.132.0.156', '200.132.0.156', '200.132.0.156', '200.132.0.156', '200.132.0.156']"
domain9.tche.br,4,7,5,114,677,"['200.132.0.156', '200.132.0.156', '200.132.0.156', '200.132.0.156', '200.132.0.156']"
domain10.tche.br,27,5,4,112,331,"['200.132.0.156', '200.132.0.156', '200.132.0.156', '200.132.0.156', '200.132.0.156']"
domain11.tche.br,4,5,4,113,4,"['200.132.0.156', '200.132.0.156', '200.132.0.156', '200.132.0.156', '200.132.0.156']"
domain12.tche.br,31,5,23,113,4,"['200.132.0.156', '200.132.0.156', '200.132.0.156', '200.132.0.156', '200.132.0.156']"
domain13.tche.br,4,4,64,113,4,"['200.132.0.156', '200.132.0.156', '200.132.0.156', '200.132.0.156', '200.132.0.156']"
domain14.tche.br,4,5,4,113,4,"['200.132.0.156', '200.132.0.156', '200.132.0.156', '200.132.0.156', '200.132.0.156']"
domain15.tche.br,24,4,5,113,4,"['200.132.0.156', '200.132.0.156', '200.132.0.156', '200.132.0.156', '200.132.0.156']"
domain16.tche.br,27,5,5,115,4,"['200.132.0.156', '200.132.0.156', '200.132.0.156', '200.132.0.156', '200.132.0.156']"
domain17.tche.br,24,11,4,113,4,"['200.132.0.156', '200.132.0.156', '200.132.0.156', '200.132.0.156', '200.132.0.156']"
domain18.tche.br,22,15,5,113,4,"['200.132.0.156', '200.132.0.156', '200.132.0.156', '200.132.0.156', '200.132.0.156']"
domain19.tche.br,5,5,5,114,4,"['200.132.0.156', '200.132.0.156', '200.132.0.156', '200.132.0.156', '200.132.0.156']"
domain20.tche.br,4,5,63,112,4,"['200.132.0.156', '200.132.0.156', '200.132.0.156', '200.132.0.156', '200.132.0.156']"
tabsite.com,4,5,3,111,4,"['142.93.245.3', '142.93.245.3', '142.93.245.3', '142.93.245.3', '142.93.245.3']"
yuukagetsu.com,5,4,5,113,4,"['153.127.214.195', '153.127.214.195', '153.127.214.195', '153.127.214.195', '153.127.214.195']"
kafene.com,4,5,6,112,4,"['104.21.46.126', '172.67.139.4', '104.21.46.126', '172.67.139.4', '104.21.46.126', '172.67.139.4', '172.67.139.4', '104.21.46.126', '104.21.46.126', '172.67.139.4']"
yuzu-tosou.com,4,8,4,112,1506,"['183.181.82.28', '183.181.82.28', '183.181.82.28', '183.181.82.28', '183.181.82.28']"
lotzadollars.com,112,5,237,111,115,"['64.59.81.118', '64.59.81.118', '64.59.81.118', '64.59.81.118', '64.59.81.118']"
ywproperty.com,5,6,4,112,4,"['192.124.249.179', '192.124.249.179', '192.124.249.179', '192.124.249.179', '192.124.249.179']"
yxbabe.com,264,5,4,113,4,"['47.108.200.10', '47.108.200.10', '47.108.200.10', '47.108.200.10', '47.108.200.10']"
gtd4xzbo4mycmst.com,0,0,0,0,0,[]
joyfulhour.net,6,5,376,113,7,"['3.33.130.190', '15.197.148.33', '15.197.148.33', '3.33.130.190', '3.33.130.190', '15.197.148.33', '3.33.130.190', '15.197.148.33', '15.197.148.33', '3.33.130.190']"
bentoncollections.com,113,5,114,113,11,"['23.227.38.32', '23.227.38.32', '23.227.38.32', '23.227.38.32', '23.227.38.32']"
yyfxgzs.com,0,0,0,0,0,[]
bonpost.ru,5,5,5,112,1194,"['190.2.148.60', '190.2.148.60', '190.2.148.60', '190.2.148.60', '190.2.148.60']"
notary.net,4,14,4,112,4,"['97.64.129.7', '97.64.129.7', '97.64.129.7', '97.64.129.7', '97.64.129.7']"
yywater.tw,6,5,4,112,484,"['85.187.128.60', '85.187.128.60', '85.187.128.60', '85.187.128.60', '85.187.128.60']"
shopiro.ca,5,5,5,112,4,"['51.222.110.142', '51.222.110.142', '51.222.110.142', '51.222.110.142', '51.222.110.142']"
facetfiez.space,6,4,5,112,117,"['104.21.45.210', '172.67.219.46', '104.21.45.210', '172.67.219.46', '104.21.45.210', '172.67.219.46', '172.67.219.46', '104.21.45.210', '172.67.219.46', '104.21.45.210']"
yztown.vip,10,4,5,112,4,"['199.59.243.223', '199.59.243.223', '199.59.243.223', '199.59.243.223', '199.59.243.223']"
openhealthnews.com,10,5,6,112,5,"['172.67.222.208', '104.21.62.98', '172.67.222.208', '104.21.62.98', '104.21.62.98', '172.67.222.208', '172.67.222.208', '104.21.62.98', '104.21.62.98', '172.67.222.208']"
euniverse.com,0,0,0,112,0,['52.15.96.207']
freestart.hu,166,5,263,193,122,"['161.35.220.214', '161.35.220.214', '161.35.220.214', '161.35.220.214', '161.35.220.214']"
google.com,5,5,4,112,56,"['142.251.132.238', '142.251.129.110', '172.217.28.238', '142.250.65.238', '142.250.219.206']"
youtube.com,5,5,3,114,60,"['142.251.129.110', '142.250.218.206', '142.251.128.14', '142.251.40.206', '142.251.128.142']"
facebook.com,4,5,3,112,4,"['157.240.12.35', '157.240.226.35', '157.240.226.35', '31.13.71.36', '157.240.12.35']"
a-msedge.net,0,0,0,0,0,[]
microsoft.com,3,5,4,112,5,"['20.81.111.85', '20.84.181.62', '20.103.85.33', '20.53.203.50', '20.112.52.29', '20.112.52.29', '20.84.181.62', '20.103.85.33', '20.53.203.50', '20.81.111.85', '20.81.111.85', '20.84.181.62', '20.103.85.33', '20.112.52.29', '20.53.203.50', '20.81.111.85', '20.84.181.62', '20.103.85.33', '20.53.203.50', '20.112.52.29', '20.112.52.29', '20.53.203.50', '20.81.111.85', '20.84.181.62', '20.103.85.33']"
netflix.com,6,6,4,114,7,"['54.160.93.182', '3.225.92.8', '3.211.157.115', '52.3.144.142', '54.237.226.164', '3.230.129.93', '54.160.93.182', '3.225.92.8', '3.211.157.115', '3.230.129.93', '52.3.144.142', '54.237.226.164', '54.160.93.182', '3.211.157.115', '3.225.92.8']"
epicgames.com,8,7,5,113,4,"['3.224.229.142', '23.20.205.194', '3.86.126.224', '54.226.212.47', '3.216.16.195', '52.2.162.131', '18.213.59.57', '52.203.14.136', '54.157.155.117', '54.87.93.14', '34.225.166.220', '54.197.143.69', '3.86.126.224', '3.224.231.164', '18.213.59.57', '44.215.224.99', '34.206.236.114', '18.232.4.194', '34.236.240.206', '3.228.194.172', '54.89.15.95', '35.169.142.199', '3.210.97.92', '34.192.116.37', '52.2.162.131', '3.211.212.74', '34.203.119.126', '52.207.120.16', '52.203.14.136', '52.86.209.73', '3.224.229.142', '3.228.194.172', '54.197.143.69', '3.211.212.74', '3.216.16.195', '3.230.29.161', '34.193.142.121', '52.2.162.131', '52.71.194.139', '54.90.222.114']"
akamaiedge.net,0,0,0,0,0,[]
gtld-servers.net,0,0,0,0,0,[]
twitter.com,5,5,4,112,4,"['104.244.42.193', '104.244.42.65', '104.244.42.65', '104.244.42.65', '104.244.42.1']"
instagram.com,8,6,4,112,4,"['157.240.12.174', '157.240.222.174', '157.240.12.174', '31.13.71.174', '157.240.12.174']"
baidu.com,4,5,3,115,4,"['39.156.66.10', '110.242.68.66', '110.242.68.66', '39.156.66.10', '110.242.68.66', '39.156.66.10', '39.156.66.10', '110.242.68.66', '39.156.66.10', '110.242.68.66']"
amazonaws.com,4,5,4,112,4,"['207.171.166.22', '72.21.210.29', '72.21.206.80', '72.21.210.29', '207.171.166.22', '72.21.206.80', '72.21.210.29', '207.171.166.22', '72.21.206.80', '72.21.206.80', '72.21.210.29', '207.171.166.22', '72.21.210.29', '207.171.166.22', '72.21.206.80']"
apple.com,4,5,4,115,4,"['17.253.144.10', '17.253.144.10', '17.253.144.10', '17.253.144.10', '17.253.144.10']"
linkedin.com,15,4,4,112,4,"['13.107.42.14', '13.107.42.14', '13.107.42.14', '13.107.42.14', '13.107.42.14']"
cloudflare.com,7,6,4,113,4,"['104.16.132.229', '104.16.133.229', '104.16.133.229', '104.16.132.229', '104.16.132.229', '104.16.133.229', '104.16.133.229', '104.16.132.229', '104.16.133.229', '104.16.132.229']"
wikipedia.org,119,5,4,112,4,"['208.80.154.224', '208.80.154.224', '208.80.154.224', '208.80.154.224', '208.80.154.224']"
yahoo.com,4,5,4,114,5,"['74.6.231.20', '54.161.105.65', '74.6.143.25', '74.6.231.21', '34.225.127.72', '74.6.143.26', '98.137.11.163', '98.137.11.164', '74.6.143.26', '98.137.11.163', '74.6.143.25', '34.225.127.72', '98.137.11.164', '54.161.105.65', '74.6.231.20', '74.6.231.21', '74.6.143.26', '74.6.143.25', '54.161.105.65', '34.225.127.72', '74.6.231.21', '98.137.11.163', '74.6.231.20', '98.137.11.164', '74.6.143.26', '74.6.231.21', '34.225.127.72', '74.6.231.20', '98.137.11.164', '98.137.11.163', '74.6.143.25', '54.161.105.65', '34.225.127.72', '54.161.105.65', '74.6.143.25', '74.6.143.26', '74.6.231.20', '74.6.231.21', '98.137.11.163', '98.137.11.164']"
qq.com,4,4,4,113,4,"['203.205.254.157', '123.151.137.18', '61.129.7.47', '183.3.226.35', '203.205.254.157', '61.129.7.47', '123.151.137.18', '183.3.226.35', '183.3.226.35', '123.151.137.18', '61.129.7.47', '203.205.254.157', '183.3.226.35', '203.205.254.157', '123.151.137.18', '61.129.7.47', '61.129.7.47', '123.151.137.18', '183.3.226.35', '203.205.254.157']"
akamai.net,0,0,0,0,0,[]
domain1.tche.br,4,5,5,113,131,"['200.132.0.156', '200.132.0.156', '200.132.0.156', '200.132.0.156', '200.132.0.156']"
domain2.tche.br,24,5,65,113,5,"['200.132.0.156', '200.132.0.156', '200.132.0.156', '200.132.0.156', '200.132.0.156']"
domain3.tche.br,28,5,61,113,226,"['200.132.0.156', '200.132.0.156', '200.132.0.156', '200.132.0.156', '200.132.0.156']"
domain4.tche.br,27,5,4,116,4,"['200.132.0.156', '200.132.0.156', '200.132.0.156', '200.132.0.156', '200.132.0.156']"
domain5.tche.br,4,4,4,261,131,"['200.132.0.156', '200.132.0.156', '200.132.0.156', '200.132.0.156', '200.132.0.156']"
domain6.tche.br,25,5,59,113,135,"['200.132.0.156', '200.132.0.156', '200.132.0.156', '200.132.0.156', '200.132.0.156']"
domain7.tche.br,4,4,23,114,4,"['200.132.0.156', '200.132.0.156', '200.132.0.156', '200.132.0.156', '200.132.0.156']"
domain8.tche.br,23,5,5,114,4,"['200.132.0.156', '200.132.0.156', '200.132.0.156', '200.132.0.156', '200.132.0.156']"
domain9.tche.br,24,5,8,263,126,"['200.132.0.156', '200.132.0.156', '200.132.0.156', '200.132.0.156', '200.132.0.156']"
domain10.tche.br,4,5,4,113,5,"['200.132.0.156', '200.132.0.156', '200.132.0.156', '200.132.0.156', '200.132.0.156']"
domain11.tche.br,5,5,5,113,4,"['200.132.0.156', '200.132.0.156', '200.132.0.156', '200.132.0.156', '200.132.0.156']"
domain12.tche.br,4,7,5,114,4,"['200.132.0.156', '200.132.0.156', '200.132.0.156', '200.132.0.156', '200.132.0.156']"
domain13.tche.br,5,6,4,113,4,"['200.132.0.156', '200.132.0.156', '200.132.0.156', '200.132.0.156', '200.132.0.156']"
domain14.tche.br,24,5,5,114,4,"['200.132.0.156', '200.132.0.156', '200.132.0.156', '200.132.0.156', '200.132.0.156']"
domain15.tche.br,6,4,4,113,4,"['200.132.0.156', '200.132.0.156', '200.132.0.156', '200.132.0.156', '200.132.0.156']"
domain16.tche.br,5,5,61,113,4,"['200.132.0.156', '200.132.0.156', '200.132.0.156', '200.132.0.156', '200.132.0.156']"
domain17.tche.br,4,5,5,113,4,"['200.132.0.156', '200.132.0.156', '200.132.0.156', '200.132.0.156', '200.132.0.156']"
domain18.tche.br,24,4,4,114,4,"['200.132.0.156', '200.132.0.156', '200.132.0.156', '200.132.0.156', '200.132.0.156']"
domain19.tche.br,4,6,5,112,5,"['200.132.0.156', '200.132.0.156', '200.132.0.156', '200.132.0.156', '200.132.0.156']"
domain20.tche.br,5,5,22,114,4,"['200.132.0.156', '200.132.0.156', '200.132.0.156', '200.132.0.156', '200.132.0.156']"
tabsite.com,125,5,126,111,4,"['142.93.245.3', '142.93.245.3', '142.93.245.3', '142.93.245.3', '142.93.245.3']"
yuukagetsu.com,5,5,290,112,4,"['153.127.214.195', '153.127.214.195', '153.127.214.195', '153.127.214.195', '153.127.214.195']"
kafene.com,6,5,5,118,4,"['172.67.139.4', '104.21.46.126', '104.21.46.126', '172.67.139.4', '104.21.46.126', '172.67.139.4', '104.21.46.126', '172.67.139.4', '104.21.46.126', '172.67.139.4']"
yuzu-tosou.com,4,409,5,111,4,"['183.181.82.28', '183.181.82.28', '183.181.82.28', '183.181.82.28', '183.181.82.28']"
lotzadollars.com,110,5,4,112,4,"['64.59.81.118', '64.59.81.118', '64.59.81.118', '64.59.81.118', '64.59.81.118']"
ywproperty.com,4,5,5,111,4,"['192.124.249.179', '192.124.249.179', '192.124.249.179', '192.124.249.179', '192.124.249.179']"
yxbabe.com,5,4,4,113,5,"['47.108.200.10', '47.108.200.10', '47.108.200.10', '47.108.200.10', '47.108.200.10']"
gtd4xzbo4mycmst.com,0,0,0,0,0,[]
joyfulhour.net,5,5,114,112,5,"['3.33.130.190', '15.197.148.33', '15.197.148.33', '3.33.130.190', '3.33.130.190', '15.197.148.33', '3.33.130.190', '15.197.148.33', '15.197.148.33', '3.33.130.190']"
bentoncollections.com,5,4,5,112,9,"['23.227.38.32', '23.227.38.32', '23.227.38.32', '23.227.38.32', '23.227.38.32']"
yyfxgzs.com,0,0,0,0,0,[]
bonpost.ru,232,4,4,112,4,"['190.2.148.60', '190.2.148.60', '190.2.148.60', '190.2.148.60', '190.2.148.60']"
notary.net,7,5,5,111,118,"['97.64.129.7', '97.64.129.7', '97.64.129.7', '97.64.129.7', '97.64.129.7']"
yywater.tw,4,4,5,112,4,"['85.187.128.60', '85.187.128.60', '85.187.128.60', '85.187.128.60', '85.187.128.60']"
shopiro.ca,4,5,4,113,3,"['51.222.110.142', '51.222.110.142', '51.222.110.142', '51.222.110.142', '51.222.110.142']"
facetfiez.space,4,5,8,113,123,"['172.67.219.46', '104.21.45.210', '104.21.45.210', '172.67.219.46', '104.21.45.210', '172.67.219.46', '172.67.219.46', '104.21.45.210', '172.67.219.46', '104.21.45.210']"
yztown.vip,4,5,4,112,108,"['199.59.243.223', '199.59.243.223', '199.59.243.223', '199.59.243.223', '199.59.243.223']"
openhealthnews.com,8,5,5,112,9,"['104.21.62.98', '172.67.222.208', '172.67.222.208', '104.21.62.98', '172.67.222.208', '104.21.62.98', '104.21.62.98', '172.67.222.208', '104.21.62.98', '172.67.222.208']"
euniverse.com,0,0,0,113,0,['52.15.96.207']
freestart.hu,171,5,132,112,4,"['161.35.220.214', '161.35.220.214', '161.35.220.214', '161.35.220.214', '161.35.220.214']"
google.com,5,4,4,112,58,"['142.250.219.142', '142.251.129.110', '142.250.219.46', '142.250.64.110', '142.250.219.206']"
youtube.com,4,5,4,112,60,"['142.251.128.142', '142.250.218.206', '142.250.219.238', '142.250.64.78', '142.251.128.142']"
facebook.com,5,4,5,111,5,"['157.240.12.35', '157.240.226.35', '157.240.226.35', '31.13.71.36', '157.240.12.35']"
a-msedge.net,0,0,0,0,0,[]
microsoft.com,4,5,5,112,4,"['20.81.111.85', '20.84.181.62', '20.103.85.33', '20.53.203.50', '20.112.52.29', '20.112.52.29', '20.84.181.62', '20.103.85.33', '20.53.203.50', '20.81.111.85', '20.84.181.62', '20.112.52.29', '20.103.85.33', '20.53.203.50', '20.81.111.85', '20.81.111.85', '20.84.181.62', '20.103.85.33', '20.53.203.50', '20.112.52.29', '20.53.203.50', '20.81.111.85', '20.84.181.62', '20.103.85.33', '20.112.52.29']"
netflix.com,7,5,4,112,7,"['54.160.93.182', '3.225.92.8', '3.211.157.115', '52.3.144.142', '54.237.226.164', '3.230.129.93', '54.160.93.182', '3.225.92.8', '3.211.157.115', '3.225.92.8', '3.211.157.115', '54.160.93.182', '52.3.144.142', '54.237.226.164', '3.230.129.93']"
epicgames.com,4,5,4,112,4,"['34.192.116.37', '3.208.225.137', '35.169.142.199', '3.232.100.130', '3.230.29.161', '34.192.40.46', '34.193.142.121', '3.216.16.195', '54.157.155.117', '54.87.93.14', '34.225.166.220', '54.197.143.69', '3.86.126.224', '3.224.231.164', '18.213.59.57', '44.215.224.99', '3.211.207.12', '52.22.246.29', '3.210.115.173', '34.232.137.100', '34.192.40.46', '54.226.212.47', '3.230.29.161', '34.192.116.37', '3.211.212.74', '34.193.142.121', '54.210.212.240', '3.216.16.195', '3.211.207.12', '34.203.119.126', '52.22.246.29', '52.2.162.131', '52.22.82.88', '52.207.120.16', '54.89.15.95', '54.157.155.117', '34.205.180.101', '34.225.166.220', '35.169.142.199', '52.2.162.131']"
akamaiedge.net,0,0,0,0,0,[]
gtld-servers.net,0,0,0,0,0,[]
twitter.com,4,5,5,113,4,"['104.244.42.129', '104.244.42.65', '104.244.42.1', '104.244.42.129', '104.244.42.65', '104.244.42.193', '104.244.42.193', '104.244.42.1', '104.244.42.65', '104.244.42.129', '104.244.42.65', '104.244.42.129', '104.244.42.193', '104.244.42.1']"
instagram.com,8,5,4,113,6,"['157.240.12.174', '157.240.222.174', '157.240.226.174', '31.13.67.174', '157.240.12.174']"
baidu.com,4,5,4,114,4,"['39.156.66.10', '110.242.68.66', '110.242.68.66', '39.156.66.10', '39.156.66.10', '110.242.68.66', '39.156.66.10', '110.242.68.66', '39.156.66.10', '110.242.68.66']"
amazonaws.com,3,5,4,112,5,"['72.21.210.29', '207.171.166.22', '72.21.206.80', '72.21.210.29', '207.171.166.22', '72.21.206.80', '207.171.166.22', '72.21.210.29', '72.21.206.80', '207.171.166.22', '72.21.210.29', '72.21.206.80', '72.21.206.80', '72.21.210.29', '207.171.166.22']"
apple.com,4,5,4,115,5,"['17.253.144.10', '17.253.144.10', '17.253.144.10', '17.253.144.10', '17.253.144.10']"
linkedin.com,5,5,4,111,9,"['13.107.42.14', '13.107.42.14', '13.107.42.14', '13.107.42.14', '13.107.42.14']"
cloudflare.com,8,6,4,112,4,"['104.16.133.229', '104.16.132.229', '104.16.133.229', '104.16.132.229', '104.16.133.229', '104.16.132.229', '104.16.132.229', '104.16.133.229', '104.16.132.229', '104.16.133.229']"
wikipedia.org,4,5,5,112,5,"['208.80.154.224', '208.80.154.224', '208.80.154.224', '208.80.154.224', '208.80.154.224']"
yahoo.com,4,5,4,115,4,"['54.161.105.65', '34.225.127.72', '74.6.231.21', '98.137.11.163', '74.6.143.25', '74.6.231.20', '98.137.11.164', '74.6.143.26', '74.6.143.26', '98.137.11.163', '74.6.143.25', '34.225.127.72', '98.137.11.164', '54.161.105.65', '74.6.231.20', '74.6.231.21', '74.6.231.21', '74.6.143.25', '98.137.11.164', '74.6.231.20', '98.137.11.163', '54.161.105.65', '74.6.143.26', '34.225.127.72', '74.6.143.26', '74.6.231.21', '34.225.127.72', '74.6.231.20', '98.137.11.164', '98.137.11.163', '74.6.143.25', '54.161.105.65', '34.225.127.72', '54.161.105.65', '74.6.143.25', '74.6.143.26', '74.6.231.20', '74.6.231.21', '98.137.11.163', '98.137.11.164']"
qq.com,4,5,4,112,4,"['203.205.254.157', '123.151.137.18', '61.129.7.47', '183.3.226.35', '203.205.254.157', '61.129.7.47', '123.151.137.18', '183.3.226.35', '203.205.254.157', '123.151.137.18', '183.3.226.35', '61.129.7.47', '61.129.7.47', '183.3.226.35', '203.205.254.157', '123.151.137.18', '123.151.137.18', '183.3.226.35', '203.205.254.157', '61.129.7.47']"
akamai.net,0,0,0,0,0,[]
domain1.tche.br,24,7,60,113,131,"['200.132.0.156', '200.132.0.156', '200.132.0.156', '200.132.0.156', '200.132.0.156']"
domain2.tche.br,5,6,64,114,131,"['200.132.0.156', '200.132.0.156', '200.132.0.156', '200.132.0.156', '200.132.0.156']"
domain3.tche.br,24,5,103,112,4,"['200.132.0.156', '200.132.0.156', '200.132.0.156', '200.132.0.156', '200.132.0.156']"
domain4.tche.br,4,7,63,113,5,"['200.132.0.156', '200.132.0.156', '200.132.0.156', '200.132.0.156', '200.132.0.156']"
domain5.tche.br,22,14,5,113,421,"['200.132.0.156', '200.132.0.156', '200.132.0.156', '200.132.0.156', '200.132.0.156']"
domain6.tche.br,5,5,4,112,131,"['200.132.0.156', '200.132.0.156', '200.132.0.156', '200.132.0.156', '200.132.0.156']"
domain7.tche.br,22,5,5,114,4,"['200.132.0.156', '200.132.0.156', '200.132.0.156', '200.132.0.156', '200.132.0.156']"
domain8.tche.br,4,5,62,113,125,"['200.132.0.156', '200.132.0.156', '200.132.0.156', '200.132.0.156', '200.132.0.156']"
domain9.tche.br,4,5,5,113,387,"['200.132.0.156', '200.132.0.156', '200.132.0.156', '200.132.0.156', '200.132.0.156']"
domain10.tche.br,21,5,4,112,125,"['200.132.0.156', '200.132.0.156', '200.132.0.156', '200.132.0.156', '200.132.0.156']"
domain11.tche.br,5,5,4,113,4,"['200.132.0.156', '200.132.0.156', '200.132.0.156', '200.132.0.156', '200.132.0.156']"
domain12.tche.br,4,4,3,114,4,"['200.132.0.156', '200.132.0.156', '200.132.0.156', '200.132.0.156', '200.132.0.156']"
domain13.tche.br,26,5,5,113,4,"['200.132.0.156', '200.132.0.156', '200.132.0.156', '200.132.0.156', '200.132.0.156']"
domain14.tche.br,21,5,5,114,4,"['200.132.0.156', '200.132.0.156', '200.132.0.156', '200.132.0.156', '200.132.0.156']"
domain15.tche.br,4,5,5,116,4,"['200.132.0.156', '200.132.0.156', '200.132.0.156', '200.132.0.156', '200.132.0.156']"
domain16.tche.br,4,4,5,114,4,"['200.132.0.156', '200.132.0.156', '200.132.0.156', '200.132.0.156', '200.132.0.156']"
domain17.tche.br,4,4,5,113,4,"['200.132.0.156', '200.132.0.156', '200.132.0.156', '200.132.0.156', '200.132.0.156']"
domain18.tche.br,23,5,5,115,4,"['200.132.0.156', '200.132.0.156', '200.132.0.156', '200.132.0.156', '200.132.0.156']"
domain19.tche.br,4,5,5,113,4,"['200.132.0.156', '200.132.0.156', '200.132.0.156', '200.132.0.156', '200.132.0.156']"
domain20.tche.br,3,4,4,113,4,"['200.132.0.156', '200.132.0.156', '200.132.0.156', '200.132.0.156', '200.132.0.156']"
tabsite.com,127,5,5,112,4,"['142.93.245.3', '142.93.245.3', '142.93.245.3', '142.93.245.3', '142.93.245.3']"
yuukagetsu.com,4,5,292,112,4,"['153.127.214.195', '153.127.214.195', '153.127.214.195', '153.127.214.195', '153.127.214.195']"
kafene.com,10,5,6,112,4,"['172.67.139.4', '104.21.46.126', '104.21.46.126', '172.67.139.4', '104.21.46.126', '172.67.139.4', '104.21.46.126', '172.67.139.4', '104.21.46.126', '172.67.139.4']"
yuzu-tosou.com,4,8,5,111,4,"['183.181.82.28', '183.181.82.28', '183.181.82.28', '183.181.82.28', '183.181.82.28']"
lotzadollars.com,4,5,299,113,111,"['64.59.81.118', '64.59.81.118', '64.59.81.118', '64.59.81.118', '64.59.81.118']"
ywproperty.com,5,5,5,113,4,"['192.124.249.179', '192.124.249.179', '192.124.249.179', '192.124.249.179', '192.124.249.179']"
yxbabe.com,318,5,355,112,4,"['47.108.200.10', '47.108.200.10', '47.108.200.10', '47.108.200.10', '47.108.200.10']"
gtd4xzbo4mycmst.com,0,0,0,0,0,[]
joyfulhour.net,113,5,5,115,5,"['3.33.130.190', '15.197.148.33', '15.197.148.33', '3.33.130.190', '15.197.148.33', '3.33.130.190', '3.33.130.190', '15.197.148.33', '3.33.130.190', '15.197.148.33']"
bentoncollections.com,112,5,5,113,4,"['23.227.38.32', '23.227.38.32', '23.227.38.32', '23.227.38.32', '23.227.38.32']"
yyfxgzs.com,0,0,0,0,0,[]
bonpost.ru,4,5,4,113,5,"['190.2.148.60', '190.2.148.60', '190.2.148.60', '190.2.148.60', '190.2.148.60']"
notary.net,4,6,4,112,118,"['97.64.129.7', '97.64.129.7', '97.64.129.7', '97.64.129.7', '97.64.129.7']"
yywater.tw,5,5,4,111,542,"['85.187.128.60', '85.187.128.60', '85.187.128.60', '85.187.128.60', '85.187.128.60']"
shopiro.ca,4,5,4,113,423,"['51.222.110.142', '51.222.110.142', '51.222.110.142', '51.222.110.142', '51.222.110.142']"
facetfiez.space,13,5,4,112,121,"['172.67.219.46', '104.21.45.210', '104.21.45.210', '172.67.219.46', '104.21.45.210', '172.67.219.46', '104.21.45.210', '172.67.219.46', '104.21.45.210', '172.67.219.46']"
yztown.vip,5,5,4,112,4,"['199.59.243.223', '199.59.243.223', '199.59.243.223', '199.59.243.223', '199.59.243.223']"
openhealthnews.com,8,4,5,112,4,"['172.67.222.208', '104.21.62.98', '172.67.222.208', '104.21.62.98', '172.67.222.208', '104.21.62.98', '104.21.62.98', '172.67.222.208', '104.21.62.98', '172.67.222.208']"
euniverse.com,0,0,0,112,0,['52.15.96.207']
freestart.hu,164,5,557,113,932,"['161.35.220.214', '161.35.220.214', '161.35.220.214', '161.35.220.214', '161.35.220.214']"
google.com,4,5,4,113,59,"['142.250.218.238', '142.250.218.78', '172.217.28.238', '142.250.65.238', '142.250.219.206']"
youtube.com,59,4,4,111,4,"['142.251.128.142', '142.250.218.206', '142.251.128.46', '142.251.40.206', '142.251.128.142']"
facebook.com,3,6,4,112,5,"['157.240.12.35', '157.240.226.35', '157.240.12.35', '31.13.71.36', '157.240.12.35']"
a-msedge.net,0,0,0,0,0,[]
microsoft.com,4,6,4,111,4,"['20.81.111.85', '20.84.181.62', '20.103.85.33', '20.53.203.50', '20.112.52.29', '20.112.52.29', '20.84.181.62', '20.103.85.33', '20.53.203.50', '20.81.111.85', '20.53.203.50', '20.84.181.62', '20.112.52.29', '20.103.85.33', '20.81.111.85', '20.81.111.85', '20.84.181.62', '20.103.85.33', '20.53.203.50', '20.112.52.29', '20.103.85.33', '20.112.52.29', '20.53.203.50', '20.81.111.85', '20.84.181.62']"
netflix.com,5,5,4,114,5,"['3.225.92.8', '3.211.157.115', '54.160.93.182', '3.225.92.8', '3.211.157.115', '54.160.93.182', '54.160.93.182', '3.225.92.8', '3.211.157.115', '3.230.129.93', '52.3.144.142', '54.237.226.164', '54.160.93.182', '3.211.157.115', '3.225.92.8']"
epicgames.com,5,5,5,113,5,"['34.192.40.46', '52.207.120.16', '34.193.142.121', '54.89.15.95', '54.197.143.69', '18.213.59.57', '3.223.206.124', '52.203.14.136', '54.157.155.117', '54.87.93.14', '34.225.166.220', '54.197.143.69', '3.86.126.224', '3.224.231.164', '18.213.59.57', '44.215.224.99', '18.232.4.194', '34.193.142.121', '34.225.166.220', '3.223.206.124', '3.86.126.224', '3.211.212.74', '34.206.236.114', '52.22.82.88', '52.2.162.131', '3.211.212.74', '34.203.119.126', '52.207.120.16', '52.203.14.136', '52.86.209.73', '3.224.229.142', '3.228.194.172', '34.232.137.100', '35.169.142.199', '52.22.82.88', '52.71.194.139', '54.157.155.117', '54.197.143.69', '54.226.83.163', '34.203.148.103']"
akamaiedge.net,0,0,0,0,0,[]
gtld-servers.net,0,0,0,0,0,[]
twitter.com,4,5,4,114,5,"['104.244.42.193', '104.244.42.65', '104.244.42.129', '104.244.42.1', '104.244.42.65', '104.244.42.65', '104.244.42.193', '104.244.42.1', '104.244.42.129', '104.244.42.193', '104.244.42.1', '104.244.42.65', '104.244.42.129', '104.244.42.129', '104.244.42.193', '104.244.42.1', '104.244.42.65']"
instagram.com,7,5,4,112,7,"['157.240.12.174', '157.240.222.174', '157.240.226.174', '31.13.67.174', '157.240.12.174']"
baidu.com,4,5,4,113,4,"['39.156.66.10', '110.242.68.66', '110.242.68.66', '39.156.66.10', '39.156.66.10', '110.242.68.66', '39.156.66.10', '110.242.68.66', '110.242.68.66', '39.156.66.10']"
amazonaws.com,5,5,4,114,4,"['72.21.210.29', '207.171.166.22', '72.21.206.80', '72.21.210.29', '207.171.166.22', '72.21.206.80', '72.21.210.29', '72.21.206.80', '207.171.166.22', '207.171.166.22', '72.21.210.29', '72.21.206.80', '72.21.210.29', '207.171.166.22', '72.21.206.80']"
apple.com,4,4,4,113,3,"['17.253.144.10', '17.253.144.10', '17.253.144.10', '17.253.144.10', '17.253.144.10']"
linkedin.com,9,5,4,111,4,"['13.107.42.14', '13.107.42.14', '13.107.42.14', '13.107.42.14', '13.107.42.14']"
cloudflare.com,5,5,4,112,4,"['104.16.132.229', '104.16.133.229', '104.16.133.229', '104.16.132.229', '104.16.132.229', '104.16.133.229', '104.16.132.229', '104.16.133.229', '104.16.132.229', '104.16.133.229']"
wikipedia.org,5,5,4,112,151,"['208.80.154.224', '208.80.154.224', '208.80.154.224', '208.80.154.224', '208.80.154.224']"
yahoo.com,4,5,4,114,5,"['54.161.105.65', '98.137.11.164', '34.225.127.72', '98.137.11.163', '74.6.231.21', '74.6.143.25', '74.6.231.20', '74.6.143.26', '74.6.143.26', '98.137.11.163', '74.6.143.25', '34.225.127.72', '98.137.11.164', '54.161.105.65', '74.6.231.20', '74.6.231.21', '98.137.11.164', '74.6.231.21', '98.137.11.163', '74.6.143.26', '34.225.127.72', '74.6.143.25', '54.161.105.65', '74.6.231.20', '74.6.143.25', '98.137.11.163', '54.161.105.65', '74.6.231.20', '34.225.127.72', '74.6.143.26', '74.6.231.21', '98.137.11.164', '54.161.105.65', '74.6.143.25', '74.6.143.26', '74.6.231.20', '74.6.231.21', '98.137.11.163', '98.137.11.164', '34.225.127.72']"
qq.com,4,5,4,112,4,"['123.151.137.18', '61.129.7.47', '183.3.226.35', '203.205.254.157', '203.205.254.157', '61.129.7.47', '123.151.137.18', '183.3.226.35', '183.3.226.35', '123.151.137.18', '203.205.254.157', '61.129.7.47', '203.205.254.157', '123.151.137.18', '61.129.7.47', '183.3.226.35', '203.205.254.157', '61.129.7.47', '123.151.137.18', '183.3.226.35']"
akamai.net,0,0,0,0,0,[]
domain1.tche.br,24,5,62,113,131,"['200.132.0.156', '200.132.0.156', '200.132.0.156', '200.132.0.156', '200.132.0.156']"
domain2.tche.br,20,5,4,113,126,"['200.132.0.156', '200.132.0.156', '200.132.0.156', '200.132.0.156', '200.132.0.156']"
domain3.tche.br,4,4,5,113,4,"['200.132.0.156', '200.132.0.156', '200.132.0.156', '200.132.0.156', '200.132.0.156']"
domain4.tche.br,4,5,59,118,132,"['200.132.0.156', '200.132.0.156', '200.132.0.156', '200.132.0.156', '200.132.0.156']"
domain5.tche.br,5,4,5,112,125,"['200.132.0.156', '200.132.0.156', '200.132.0.156', '200.132.0.156', '200.132.0.156']"
domain6.tche.br,4,5,64,113,131,"['200.132.0.156', '200.132.0.156', '200.132.0.156', '200.132.0.156', '200.132.0.156']"
domain7.tche.br,23,5,4,114,418,"['200.132.0.156', '200.132.0.156', '200.132.0.156', '200.132.0.156', '200.132.0.156']"
domain8.tche.br,25,5,5,113,4,"['200.132.0.156', '200.132.0.156', '200.132.0.156', '200.132.0.156', '200.132.0.156']"
domain9.tche.br,22,5,4,111,4,"['200.132.0.156', '200.132.0.156', '200.132.0.156', '200.132.0.156', '200.132.0.156']"
domain10.tche.br,4,6,3,112,125,"['200.132.0.156', '200.132.0.156', '200.132.0.156', '200.132.0.156', '200.132.0.156']"
domain11.tche.br,23,5,5,113,5,"['200.132.0.156', '200.132.0.156', '200.132.0.156', '200.132.0.156', '200.132.0.156']"
domain12.tche.br,5,5,63,112,4,"['200.132.0.156', '200.132.0.156', '200.132.0.156', '200.132.0.156', '200.132.0.156']"
domain13.tche.br,5,6,4,112,4,"['200.132.0.156', '200.132.0.156', '200.132.0.156', '200.132.0.156', '200.132.0.156']"
domain14.tche.br,4,8,5,112,4,"['200.132.0.156', '200.132.0.156', '200.132.0.156', '200.132.0.156', '200.132.0.156']"
domain15.tche.br,4,7,4,112,4,"['200.132.0.156', '200.132.0.156', '200.132.0.156', '200.132.0.156', '200.132.0.156']"
domain16.tche.br,4,5,5,112,4,"['200.132.0.156', '200.132.0.156', '200.132.0.156', '200.132.0.156', '200.132.0.156']"
domain17.tche.br,4,4,4,113,4,"['200.132.0.156', '200.132.0.156', '200.132.0.156', '200.132.0.156', '200.132.0.156']"
domain18.tche.br,22,5,5,119,5,"['200.132.0.156', '200.132.0.156', '200.132.0.156', '200.132.0.156', '200.132.0.156']"
domain19.tche.br,5,4,4,114,4,"['200.132.0.156', '200.132.0.156', '200.132.0.156', '200.132.0.156', '200.132.0.156']"
domain20.tche.br,4,5,4,113,4,"['200.132.0.156', '200.132.0.156', '200.132.0.156', '200.132.0.156', '200.132.0.156']"
tabsite.com,126,5,327,112,4,"['142.93.245.3', '142.93.245.3', '142.93.245.3', '142.93.245.3', '142.93.245.3']"
yuukagetsu.com,265,5,5,112,473,"['153.127.214.195', '153.127.214.195', '153.127.214.195', '153.127.214.195', '153.127.214.195']"
kafene.com,4,5,5,111,12,"['172.67.139.4', '104.21.46.126', '104.21.46.126', '172.67.139.4', '104.21.46.126', '172.67.139.4', '172.67.139.4', '104.21.46.126', '172.67.139.4', '104.21.46.126']"
yuzu-tosou.com,4,5,4,111,3,"['183.181.82.28', '183.181.82.28', '183.181.82.28', '183.181.82.28', '183.181.82.28']"
lotzadollars.com,110,5,5,113,226,"['64.59.81.118', '64.59.81.118', '64.59.81.118', '64.59.81.118', '64.59.81.118']"
ywproperty.com,4,5,4,111,4,"['192.124.249.179', '192.124.249.179', '192.124.249.179', '192.124.249.179', '192.124.249.179']"
yxbabe.com,5,5,5,112,5,"['47.108.200.10', '47.108.200.10', '47.108.200.10', '47.108.200.10', '47.108.200.10']"
gtd4xzbo4mycmst.com,0,0,0,0,0,[]
joyfulhour.net,113,4,418,114,142,"['3.33.130.190', '15.197.148.33', '15.197.148.33', '3.33.130.190', '3.33.130.190', '15.197.148.33', '3.33.130.190', '15.197.148.33', '3.33.130.190', '15.197.148.33']"
bentoncollections.com,5,5,4,112,139,"['23.227.38.32', '23.227.38.32', '23.227.38.32', '23.227.38.32', '23.227.38.32']"
yyfxgzs.com,0,0,0,0,0,[]
bonpost.ru,4,6,646,110,876,"['190.2.148.60', '190.2.148.60', '190.2.148.60', '190.2.148.60', '190.2.148.60']"
notary.net,5,5,4,112,4,"['97.64.129.7', '97.64.129.7', '97.64.129.7', '97.64.129.7', '97.64.129.7']"
yywater.tw,5,4,5,113,4,"['85.187.128.60', '85.187.128.60', '85.187.128.60', '85.187.128.60', '85.187.128.60']"
shopiro.ca,133,5,5,113,4,"['51.222.110.142', '51.222.110.142', '51.222.110.142', '51.222.110.142', '51.222.110.142']"
facetfiez.space,4,6,9,120,120,"['172.67.219.46', '104.21.45.210', '104.21.45.210', '172.67.219.46', '104.21.45.210', '172.67.219.46', '104.21.45.210', '172.67.219.46', '172.67.219.46', '104.21.45.210']"
yztown.vip,119,5,5,119,4,"['199.59.243.223', '199.59.243.223', '199.59.243.223', '199.59.243.223', '199.59.243.223']"
openhealthnews.com,4,5,6,112,5,"['172.67.222.208', '104.21.62.98', '172.67.222.208', '104.21.62.98', '172.67.222.208', '104.21.62.98', '104.21.62.98', '172.67.222.208', '104.21.62.98', '172.67.222.208']"
euniverse.com,0,0,0,112,0,['52.15.96.207']
freestart.hu,197,8,643,114,926,"['161.35.220.214', '161.35.220.214', '161.35.220.214', '161.35.220.214', '161.35.220.214']"
google.com,5,4,4,112,56,"['142.250.219.206', '142.250.218.78', '142.250.219.14', '142.250.65.238', '142.250.219.206']"
youtube.com,5,5,4,112,52,"['142.251.132.238', '142.250.218.206', '142.251.128.46', '142.251.40.206', '142.251.128.142']"
facebook.com,4,5,3,113,5,"['157.240.12.35', '157.240.226.35', '157.240.12.35', '31.13.71.36', '157.240.12.35']"
a-msedge.net,0,0,0,0,0,[]
microsoft.com,4,5,4,112,4,"['20.81.111.85', '20.84.181.62', '20.103.85.33', '20.53.203.50', '20.112.52.29', '20.112.52.29', '20.84.181.62', '20.103.85.33', '20.53.203.50', '20.81.111.85', '20.103.85.33', '20.112.52.29', '20.81.111.85', '20.53.203.50', '20.84.181.62', '20.81.111.85', '20.84.181.62', '20.103.85.33', '20.53.203.50', '20.112.52.29', '20.103.85.33', '20.112.52.29', '20.53.203.50', '20.81.111.85', '20.84.181.62']"
netflix.com,8,6,4,112,6,"['52.3.144.142', '54.237.226.164', '3.230.129.93', '3.225.92.8', '3.211.157.115', '54.160.93.182', '3.211.157.115', '3.225.92.8', '54.160.93.182', '3.230.129.93', '52.3.144.142', '54.237.226.164', '3.211.157.115', '3.225.92.8', '54.160.93.182']"
epicgames.com,5,5,6,136,7,"['52.22.246.29', '3.233.179.35', '3.211.212.74', '3.223.206.124', '54.235.191.8', '34.225.166.220', '3.210.115.173', '3.224.231.164', '54.157.155.117', '54.87.93.14', '34.225.166.220', '54.197.143.69', '3.86.126.224', '3.224.231.164', '18.213.59.57', '44.215.224.99', '34.232.137.100', '3.233.179.35', '34.206.236.114', '3.211.207.12', '18.232.4.194', '52.2.162.131', '18.213.59.57', '54.87.93.14', '3.211.207.12', '54.197.143.69', '54.235.191.8', '54.89.15.95', '3.210.97.92', '107.23.88.204', '52.203.14.136', '34.203.148.103', '52.71.194.139', '3.216.16.195', '3.232.100.130', '34.203.119.126', '34.232.137.100', '35.169.142.199', '52.22.82.88', '52.22.246.29']"
akamaiedge.net,0,0,0,0,0,[]
gtld-servers.net,0,0,0,0,0,[]
twitter.com,5,5,5,114,4,"['104.244.42.193', '104.244.42.65', '104.244.42.1', '104.244.42.65', '104.244.42.193', '104.244.42.129', '104.244.42.193', '104.244.42.1', '104.244.42.65', '104.244.42.129', '104.244.42.129', '104.244.42.193', '104.244.42.1', '104.244.42.65']"
instagram.com,5,6,4,112,8,"['157.240.12.174', '157.240.222.174', '31.13.85.174', '31.13.67.174', '157.240.12.174']"
baidu.com,4,4,3,113,4,"['39.156.66.10', '110.242.68.66', '110.242.68.66', '39.156.66.10', '39.156.66.10', '110.242.68.66', '39.156.66.10', '110.242.68.66', '110.242.68.66', '39.156.66.10']"
amazonaws.com,4,5,5,113,4,"['72.21.210.29', '72.21.206.80', '207.171.166.22', '72.21.210.29', '207.171.166.22', '72.21.206.80', '72.21.210.29', '207.171.166.22', '72.21.206.80', '207.171.166.22', '72.21.210.29', '72.21.206.80', '207.171.166.22', '72.21.206.80', '72.21.210.29']"
apple.com,4,4,5,114,4,"['17.253.144.10', '17.253.144.10', '17.253.144.10', '17.253.144.10', '17.253.144.10']"
linkedin.com,3,4,3,113,5,"['13.107.42.14', '13.107.42.14', '13.107.42.14', '13.107.42.14', '13.107.42.14']"
cloudflare.com,4,5,4,111,3,"['104.16.132.229', '104.16.133.229', '104.16.133.229', '104.16.132.229', '104.16.132.229', '104.16.133.229', '104.16.132.229', '104.16.133.229', '104.16.133.229', '104.16.132.229']"
wikipedia.org,5,4,5,112,4,"['208.80.154.224', '208.80.154.224', '208.80.154.224', '208.80.154.224', '208.80.154.224']"
yahoo.com,4,5,4,114,4,"['54.161.105.65', '74.6.231.21', '34.225.127.72', '74.6.231.20', '74.6.143.25', '74.6.143.26', '98.137.11.164', '98.137.11.163', '74.6.143.26', '98.137.11.163', '74.6.143.25', '34.225.127.72', '98.137.11.164', '54.161.105.65', '74.6.231.20', '74.6.231.21', '74.6.143.26', '98.137.11.163', '74.6.231.20', '74.6.231.21', '34.225.127.72', '74.6.143.25', '98.137.11.164', '54.161.105.65', '74.6.143.26', '74.6.231.21', '34.225.127.72', '74.6.231.20', '98.137.11.164', '98.137.11.163', '74.6.143.25', '54.161.105.65', '98.137.11.164', '34.225.127.72', '54.161.105.65', '74.6.143.25', '74.6.143.26', '74.6.231.20', '74.6.231.21', '98.137.11.163']"
qq.com,6,341,5,118,4,"['203.205.254.157', '123.151.137.18', '61.129.7.47', '183.3.226.35', '123.151.137.18', '61.129.7.47', '203.205.254.157', '183.3.226.35', '123.151.137.18', '183.3.226.35', '61.129.7.47', '203.205.254.157', '203.205.254.157', '123.151.137.18', '61.129.7.47', '183.3.226.35', '61.129.7.47', '123.151.137.18', '183.3.226.35', '203.205.254.157']"
akamai.net,0,0,0,0,0,[]
domain1.tche.br,23,5,22,115,4,"['200.132.0.156', '200.132.0.156', '200.132.0.156', '200.132.0.156', '200.132.0.156']"
domain2.tche.br,21,5,6,113,4,"['200.132.0.156', '200.132.0.156', '200.132.0.156', '200.132.0.156', '200.132.0.156']"
domain3.tche.br,20,6,3,114,4,"['200.132.0.156', '200.132.0.156', '200.132.0.156', '200.132.0.156', '200.132.0.156']"
domain4.tche.br,4,14,7,113,127,"['200.132.0.156', '200.132.0.156', '200.132.0.156', '200.132.0.156', '200.132.0.156']"
domain5.tche.br,4,5,64,113,130,"['200.132.0.156', '200.132.0.156', '200.132.0.156', '200.132.0.156', '200.132.0.156']"
domain6.tche.br,22,5,22,114,4,"['200.132.0.156', '200.132.0.156', '200.132.0.156', '200.132.0.156', '200.132.0.156']"
domain7.tche.br,4,5,4,112,4,"['200.132.0.156', '200.132.0.156', '200.132.0.156', '200.132.0.156', '200.132.0.156']"
domain8.tche.br,24,5,64,114,131,"['200.132.0.156', '200.132.0.156', '200.132.0.156', '200.132.0.156', '200.132.0.156']"
domain9.tche.br,5,5,5,113,4,"['200.132.0.156', '200.132.0.156', '200.132.0.156', '200.132.0.156', '200.132.0.156']"
domain10.tche.br,21,5,6,113,131,"['200.132.0.156', '200.132.0.156', '200.132.0.156', '200.132.0.156', '200.132.0.156']"
domain11.tche.br,5,5,22,113,4,"['200.132.0.156', '200.132.0.156', '200.132.0.156', '200.132.0.156', '200.132.0.156']"
domain12.tche.br,21,6,4,113,4,"['200.132.0.156', '200.132.0.156', '200.132.0.156', '200.132.0.156', '200.132.0.156']"
domain13.tche.br,4,4,4,261,4,"['200.132.0.156', '200.132.0.156', '200.132.0.156', '200.132.0.156', '200.132.0.156']"
domain14.tche.br,5,4,5,115,5,"['200.132.0.156', '200.132.0.156', '200.132.0.156', '200.132.0.156', '200.132.0.156']"
domain15.tche.br,4,5,5,113,4,"['200.132.0.156', '200.132.0.156', '200.132.0.156', '200.132.0.156', '200.132.0.156']"
domain16.tche.br,24,5,4,114,4,"['200.132.0.156', '200.132.0.156', '200.132.0.156', '200.132.0.156', '200.132.0.156']"
domain17.tche.br,5,5,5,121,4,"['200.132.0.156', '200.132.0.156', '200.132.0.156', '200.132.0.156', '200.132.0.156']"
domain18.tche.br,4,5,4,113,4,"['200.132.0.156', '200.132.0.156', '200.132.0.156', '200.132.0.156', '200.132.0.156']"
domain19.tche.br,4,4,4,112,4,"['200.132.0.156', '200.132.0.156', '200.132.0.156', '200.132.0.156', '200.132.0.156']"
domain20.tche.br,5,5,4,114,4,"['200.132.0.156', '200.132.0.156', '200.132.0.156', '200.132.0.156', '200.132.0.156']"
tabsite.com,4,8,4,113,221,"['142.93.245.3', '142.93.245.3', '142.93.245.3', '142.93.245.3', '142.93.245.3']"
yuukagetsu.com,4,4,5,112,4,"['153.127.214.195', '153.127.214.195', '153.127.214.195', '153.127.214.195', '153.127.214.195']"
kafene.com,5,5,5,111,120,"['172.67.139.4', '104.21.46.126', '104.21.46.126', '172.67.139.4', '104.21.46.126', '172.67.139.4', '172.67.139.4', '104.21.46.126', '104.21.46.126', '172.67.139.4']"
yuzu-tosou.com,4,6,5,112,1481,"['183.181.82.28', '183.181.82.28', '183.181.82.28', '183.181.82.28', '183.181.82.28']"
lotzadollars.com,5,5,4,113,312,"['64.59.81.118', '64.59.81.118', '64.59.81.118', '64.59.81.118', '64.59.81.118']"
ywproperty.com,5,5,418,112,4,"['192.124.249.179', '192.124.249.179', '192.124.249.179', '192.124.249.179', '192.124.249.179']"
yxbabe.com,137,5,4,114,4310,"['47.108.200.10', '47.108.200.10', '47.108.200.10', '47.108.200.10', '47.108.200.10']"
gtd4xzbo4mycmst.com,0,0,0,0,0,[]
joyfulhour.net,4,5,4,113,112,"['3.33.130.190', '15.197.148.33', '15.197.148.33', '3.33.130.190', '15.197.148.33', '3.33.130.190', '3.33.130.190', '15.197.148.33', '3.33.130.190', '15.197.148.33']"
bentoncollections.com,4,4,4,112,4,"['23.227.38.32', '23.227.38.32', '23.227.38.32', '23.227.38.32', '23.227.38.32']"
yyfxgzs.com,0,0,0,0,0,[]
bonpost.ru,5,7,5,111,4,"['190.2.148.60', '190.2.148.60', '190.2.148.60', '190.2.148.60', '190.2.148.60']"
notary.net,4,6,4,112,138,"['97.64.129.7', '97.64.129.7', '97.64.129.7', '97.64.129.7', '97.64.129.7']"
yywater.tw,295,5,667,113,5,"['85.187.128.60', '85.187.128.60', '85.187.128.60', '85.187.128.60', '85.187.128.60']"
shopiro.ca,5,5,4,113,4,"['51.222.110.142', '51.222.110.142', '51.222.110.142', '51.222.110.142', '51.222.110.142']"
facetfiez.space,4,6,6,112,5,"['104.21.45.210', '172.67.219.46', '104.21.45.210', '172.67.219.46', '172.67.219.46', '104.21.45.210', '172.67.219.46', '104.21.45.210', '172.67.219.46', '104.21.45.210']"
yztown.vip,4,5,4,112,4,"['199.59.243.223', '199.59.243.223', '199.59.243.223', '199.59.243.223', '199.59.243.223']"
openhealthnews.com,8,10,5,113,143,"['172.67.222.208', '104.21.62.98', '172.67.222.208', '104.21.62.98', '104.21.62.98', '172.67.222.208', '104.21.62.98', '172.67.222.208', '104.21.62.98', '172.67.222.208']"
euniverse.com,0,0,0,111,0,['52.15.96.207']
freestart.hu,165,5,6,195,927,"['161.35.220.214', '161.35.220.214', '161.35.220.214', '161.35.220.214', '161.35.220.214']"
google.com,4,5,5,112,57,"['142.250.79.206', '142.250.218.78', '172.217.28.238', '142.250.65.238', '142.250.219.206']"
youtube.com,4,5,4,117,4,"['142.251.128.142', '142.250.218.206', '142.251.128.46', '142.251.40.206', '142.251.128.142']"
facebook.com,5,4,5,111,5,"['157.240.12.35', '157.240.226.35', '157.240.12.35', '31.13.71.36', '157.240.12.35']"
a-msedge.net,0,0,0,0,0,[]
microsoft.com,3,5,3,112,4,"['20.81.111.85', '20.84.181.62', '20.103.85.33', '20.53.203.50', '20.112.52.29', '20.112.52.29', '20.84.181.62', '20.103.85.33', '20.53.203.50', '20.81.111.85', '20.53.203.50', '20.84.181.62', '20.103.85.33', '20.112.52.29', '20.81.111.85', '20.81.111.85', '20.84.181.62', '20.103.85.33', '20.53.203.50', '20.112.52.29', '20.84.181.62', '20.103.85.33', '20.112.52.29', '20.53.203.50', '20.81.111.85']"
netflix.com,4,17,4,113,6,"['54.160.93.182', '3.211.157.115', '3.225.92.8', '3.225.92.8', '3.211.157.115', '54.160.93.182', '54.237.226.164', '3.230.129.93', '52.3.144.142', '3.230.129.93', '52.3.144.142', '54.237.226.164', '3.211.157.115', '3.225.92.8', '54.160.93.182']"
epicgames.com,4,7,5,116,37,"['52.22.246.29', '3.233.179.35', '3.211.212.74', '3.223.206.124', '54.235.191.8', '34.225.166.220', '3.210.115.173', '3.224.231.164', '3.211.212.74', '34.203.148.103', '3.233.179.35', '3.224.229.142', '52.71.194.139', '54.226.83.163', '34.232.137.100', '3.210.115.173', '18.213.59.57', '3.211.207.12', '34.193.142.121', '52.86.209.73', '54.197.143.69', '3.86.126.224', '54.226.212.47', '23.20.205.194', '3.228.194.172', '52.22.246.29', '52.86.209.73', '54.90.222.114', '3.211.212.74', '34.193.109.40', '34.192.40.46', '34.203.119.126', '52.207.120.16', '54.90.222.114', '54.226.212.47', '174.129.246.223', '3.86.126.224', '3.208.225.137', '52.2.162.131', '52.22.82.88']"
akamaiedge.net,0,0,0,0,0,[]
gtld-servers.net,0,0,0,0,0,[]
twitter.com,5,5,4,115,4,"['104.244.42.129', '104.244.42.65', '104.244.42.1', '104.244.42.193', '104.244.42.65', '104.244.42.193', '104.244.42.65', '104.244.42.129', '104.244.42.1', '104.244.42.193', '104.244.42.1', '104.244.42.65', '104.244.42.129', '104.244.42.1']"
instagram.com,7,4,3,113,5,"['157.240.12.174', '157.240.222.174', '157.240.226.174', '31.13.67.174', '157.240.12.174']"
baidu.com,4,4,4,113,4,"['110.242.68.66', '39.156.66.10', '110.242.68.66', '39.156.66.10', '39.156.66.10', '110.242.68.66', '39.156.66.10', '110.242.68.66', '110.242.68.66', '39.156.66.10']"
amazonaws.com,4,5,4,112,4,"['72.21.210.29', '72.21.206.80', '207.171.166.22', '72.21.210.29', '207.171.166.22', '72.21.206.80', '72.21.210.29', '207.171.166.22', '72.21.206.80', '207.171.166.22', '72.21.210.29', '72.21.206.80', '207.171.166.22', '72.21.206.80', '72.21.210.29']"
apple.com,4,4,3,113,4,"['17.253.144.10', '17.253.144.10', '17.253.144.10', '17.253.144.10', '17.253.144.10']"
linkedin.com,12,5,4,111,5,"['13.107.42.14', '13.107.42.14', '13.107.42.14', '13.107.42.14', '13.107.42.14']"
cloudflare.com,5,5,4,112,4,"['104.16.133.229', '104.16.132.229', '104.16.133.229', '104.16.132.229', '104.16.133.229', '104.16.132.229', '104.16.132.229', '104.16.133.229', '104.16.132.229', '104.16.133.229']"
wikipedia.org,4,6,4,112,192,"['208.80.154.224', '208.80.154.224', '208.80.154.224', '208.80.154.224', '208.80.154.224']"
yahoo.com,5,6,5,115,5,"['74.6.143.25', '74.6.231.20', '54.161.105.65', '74.6.143.26', '98.137.11.163', '98.137.11.164', '34.225.127.72', '74.6.231.21', '74.6.143.26', '98.137.11.163', '74.6.143.25', '34.225.127.72', '98.137.11.164', '54.161.105.65', '74.6.231.20', '74.6.231.21', '98.137.11.164', '74.6.143.26', '74.6.231.20', '54.161.105.65', '74.6.143.25', '98.137.11.163', '74.6.231.21', '34.225.127.72', '74.6.143.25', '98.137.11.163', '54.161.105.65', '74.6.231.20', '34.225.127.72', '74.6.143.26', '74.6.231.21', '98.137.11.164', '74.6.143.26', '74.6.231.20', '74.6.231.21', '98.137.11.163', '98.137.11.164', '34.225.127.72', '54.161.105.65', '74.6.143.25']"
qq.com,4,5,4,111,5,"['123.151.137.18', '61.129.7.47', '183.3.226.35', '203.205.254.157', '123.151.137.18', '61.129.7.47', '203.205.254.157', '183.3.226.35', '61.129.7.47', '203.205.254.157', '123.151.137.18', '183.3.226.35', '203.205.254.157', '123.151.137.18', '61.129.7.47', '183.3.226.35', '123.151.137.18', '183.3.226.35', '203.205.254.157', '61.129.7.47']"
akamai.net,0,0,0,0,0,[]
domain1.tche.br,5,44,5,113,131,"['200.132.0.156', '200.132.0.156', '200.132.0.156', '200.132.0.156', '200.132.0.156']"
domain2.tche.br,5,21,106,112,125,"['200.132.0.156', '200.132.0.156', '200.132.0.156', '200.132.0.156', '200.132.0.156']"
domain3.tche.br,4,23,5,259,427,"['200.132.0.156', '200.132.0.156', '200.132.0.156', '200.132.0.156', '200.132.0.156']"
domain4.tche.br,7,22,5,113,4,"['200.132.0.156', '200.132.0.156', '200.132.0.156', '200.132.0.156', '200.132.0.156']"
domain5.tche.br,3,22,64,114,3,"['200.132.0.156', '200.132.0.156', '200.132.0.156', '200.132.0.156', '200.132.0.156']"
domain6.tche.br,3,22,4,114,131,"['200.132.0.156', '200.132.0.156', '200.132.0.156', '200.132.0.156', '200.132.0.156']"
domain7.tche.br,23,21,8,113,4,"['200.132.0.156', '200.132.0.156', '200.132.0.156', '200.132.0.156', '200.132.0.156']"
domain8.tche.br,4,24,5,115,5,"['200.132.0.156', '200.132.0.156', '200.132.0.156', '200.132.0.156', '200.132.0.156']"
domain9.tche.br,5,25,63,112,4,"['200.132.0.156', '200.132.0.156', '200.132.0.156', '200.132.0.156', '200.132.0.156']"
domain10.tche.br,4,22,5,113,4,"['200.132.0.156', '200.132.0.156', '200.132.0.156', '200.132.0.156', '200.132.0.156']"
domain11.tche.br,4,4,4,112,4,"['200.132.0.156', '200.132.0.156', '200.132.0.156', '200.132.0.156', '200.132.0.156']"
domain12.tche.br,4,6,4,113,4,"['200.132.0.156', '200.132.0.156', '200.132.0.156', '200.132.0.156', '200.132.0.156']"
domain13.tche.br,4,4,4,113,4,"['200.132.0.156', '200.132.0.156', '200.132.0.156', '200.132.0.156', '200.132.0.156']"
domain14.tche.br,27,5,5,112,4,"['200.132.0.156', '200.132.0.156', '200.132.0.156', '200.132.0.156', '200.132.0.156']"
domain15.tche.br,5,5,6,114,4,"['200.132.0.156', '200.132.0.156', '200.132.0.156', '200.132.0.156', '200.132.0.156']"
domain16.tche.br,23,5,4,113,4,"['200.132.0.156', '200.132.0.156', '200.132.0.156', '200.132.0.156', '200.132.0.156']"
domain17.tche.br,4,6,5,112,4,"['200.132.0.156', '200.132.0.156', '200.132.0.156', '200.132.0.156', '200.132.0.156']"
domain18.tche.br,4,4,4,112,3,"['200.132.0.156', '200.132.0.156', '200.132.0.156', '200.132.0.156', '200.132.0.156']"
domain19.tche.br,4,5,5,113,4,"['200.132.0.156', '200.132.0.156', '200.132.0.156', '200.132.0.156', '200.132.0.156']"
domain20.tche.br,4,5,4,259,4,"['200.132.0.156', '200.132.0.156', '200.132.0.156', '200.132.0.156', '200.132.0.156']"
tabsite.com,126,167,5,112,221,"['142.93.245.3', '142.93.245.3', '142.93.245.3', '142.93.245.3', '142.93.245.3']"
yuukagetsu.com,386,389,582,112,610,"['153.127.214.195', '153.127.214.195', '153.127.214.195', '153.127.214.195', '153.127.214.195']"
kafene.com,5,56,5,112,10,"['172.67.139.4', '104.21.46.126', '172.67.139.4', '104.21.46.126', '104.21.46.126', '172.67.139.4', '172.67.139.4', '104.21.46.126', '172.67.139.4', '104.21.46.126']"
yuzu-tosou.com,4,4,5,112,1378,"['183.181.82.28', '183.181.82.28', '183.181.82.28', '183.181.82.28', '183.181.82.28']"
lotzadollars.com,5,223,275,114,313,"['64.59.81.118', '64.59.81.118', '64.59.81.118', '64.59.81.118', '64.59.81.118']"
ywproperty.com,5,4,4,114,4,"['192.124.249.179', '192.124.249.179', '192.124.249.179', '192.124.249.179', '192.124.249.179']"
yxbabe.com,4,487,5,112,4,"['47.108.200.10', '47.108.200.10', '47.108.200.10', '47.108.200.10', '47.108.200.10']"
gtd4xzbo4mycmst.com,0,0,0,0,0,[]
joyfulhour.net,5,168,375,116,7,"['3.33.130.190', '15.197.148.33', '3.33.130.190', '15.197.148.33', '3.33.130.190', '15.197.148.33', '3.33.130.190', '15.197.148.33', '3.33.130.190', '15.197.148.33']"
bentoncollections.com,4,385,6,113,4,"['23.227.38.32', '23.227.38.32', '23.227.38.32', '23.227.38.32', '23.227.38.32']"
yyfxgzs.com,0,0,0,0,0,[]
bonpost.ru,4,495,4,111,4,"['190.2.148.60', '190.2.148.60', '190.2.148.60', '190.2.148.60', '190.2.148.60']"
notary.net,7,101,5,115,5,"['97.64.129.7', '97.64.129.7', '97.64.129.7', '97.64.129.7', '97.64.129.7']"
yywater.tw,143,5,5,112,3,"['85.187.128.60', '85.187.128.60', '85.187.128.60', '85.187.128.60', '85.187.128.60']"
shopiro.ca,4,6,5,114,4,"['51.222.110.142', '51.222.110.142', '51.222.110.142', '51.222.110.142', '51.222.110.142']"
facetfiez.space,8,121,9,112,9,"['172.67.219.46', '104.21.45.210', '172.67.219.46', '104.21.45.210', '172.67.219.46', '104.21.45.210', '104.21.45.210', '172.67.219.46', '104.21.45.210', '172.67.219.46']"
yztown.vip,4,5,5,112,7,"['199.59.243.223', '199.59.243.223', '199.59.243.223', '199.59.243.223', '199.59.243.223']"
openhealthnews.com,4,251,4,119,6,"['104.21.62.98', '172.67.222.208', '172.67.222.208', '104.21.62.98', '172.67.222.208', '104.21.62.98', '104.21.62.98', '172.67.222.208', '104.21.62.98', '172.67.222.208']"
euniverse.com,0,0,0,112,0,['52.15.96.207']
freestart.hu,5,5,4,112,924,"['161.35.220.214', '161.35.220.214', '161.35.220.214', '161.35.220.214', '161.35.220.214']"
google.com,119,5,4,112,57,"['142.250.219.206', '142.250.218.78', '172.217.28.238', '142.250.80.46', '142.250.219.206']"
youtube.com,5,5,3,112,4,"['142.251.128.142', '142.250.218.206', '142.251.128.110', '142.251.40.206', '142.251.128.142']"
facebook.com,4,5,4,112,4,"['157.240.12.35', '157.240.226.35', '157.240.226.35', '31.13.71.36', '157.240.12.35']"
a-msedge.net,0,0,0,0,0,[]
microsoft.com,4,4,4,113,5,"['20.81.111.85', '20.84.181.62', '20.103.85.33', '20.53.203.50', '20.112.52.29', '20.112.52.29', '20.84.181.62', '20.103.85.33', '20.53.203.50', '20.81.111.85', '20.112.52.29', '20.81.111.85', '20.53.203.50', '20.103.85.33', '20.84.181.62', '20.81.111.85', '20.84.181.62', '20.103.85.33', '20.53.203.50', '20.112.52.29', '20.81.111.85', '20.84.181.62', '20.103.85.33', '20.112.52.29', '20.53.203.50']"
netflix.com,7,9,4,116,6,"['3.230.129.93', '54.237.226.164', '52.3.144.142', '52.3.144.142', '3.230.129.93', '54.237.226.164', '54.237.226.164', '52.3.144.142', '3.230.129.93', '3.230.129.93', '54.237.226.164', '52.3.144.142', '3.225.92.8', '54.160.93.182', '3.211.157.115']"
epicgames.com,4,5,5,113,4,"['54.235.191.8', '107.23.88.204', '52.71.194.139', '44.215.224.99', '3.224.229.142', '3.216.16.195', '34.192.116.37', '34.193.142.121', '3.211.212.74', '34.203.148.103', '3.233.179.35', '3.224.229.142', '52.71.194.139', '54.226.83.163', '34.232.137.100', '3.210.115.173', '54.210.212.240', '23.20.205.194', '52.71.194.139', '52.207.120.16', '3.228.194.172', '54.90.222.114', '54.87.93.14', '54.226.83.163', '3.228.194.172', '52.22.246.29', '52.86.209.73', '54.90.222.114', '3.211.212.74', '34.193.109.40', '34.192.40.46', '34.203.119.126', '52.22.246.29', '54.87.93.14', '107.23.88.204', '3.210.97.92', '3.211.207.12', '3.233.179.35', '34.206.236.114', '52.22.82.88']"
akamaiedge.net,0,0,0,0,0,[]
gtld-servers.net,0,0,0,0,0,[]
twitter.com,6,4,4,114,3,"['104.244.42.193', '104.244.42.65', '104.244.42.129', '104.244.42.1', '104.244.42.65', '104.244.42.129', '104.244.42.65', '104.244.42.1', '104.244.42.193', '104.244.42.65', '104.244.42.65']"
instagram.com,4,4,4,112,4,"['157.240.12.174', '157.240.222.174', '157.240.226.174', '31.13.71.174', '157.240.12.174']"
baidu.com,4,5,4,115,4,"['110.242.68.66', '39.156.66.10', '110.242.68.66', '39.156.66.10', '110.242.68.66', '39.156.66.10', '39.156.66.10', '110.242.68.66', '110.242.68.66', '39.156.66.10']"
amazonaws.com,4,5,4,112,4,"['72.21.210.29', '72.21.206.80', '207.171.166.22', '72.21.210.29', '207.171.166.22', '72.21.206.80', '72.21.210.29', '207.171.166.22', '72.21.206.80', '72.21.206.80', '72.21.210.29', '207.171.166.22', '72.21.206.80', '72.21.210.29', '207.171.166.22']"
apple.com,4,5,4,116,5,"['17.253.144.10', '17.253.144.10', '17.253.144.10', '17.253.144.10', '17.253.144.10']"
linkedin.com,5,4,4,115,12,"['13.107.42.14', '13.107.42.14', '13.107.42.14', '13.107.42.14', '13.107.42.14']"
cloudflare.com,4,5,4,112,4,"['104.16.133.229', '104.16.132.229', '104.16.133.229', '104.16.132.229', '104.16.133.229', '104.16.132.229', '104.16.132.229', '104.16.133.229', '104.16.132.229', '104.16.133.229']"
wikipedia.org,4,5,4,111,4,"['208.80.154.224', '208.80.154.224', '208.80.154.224', '208.80.154.224', '208.80.154.224']"
yahoo.com,4,6,4,113,4,"['98.137.11.163', '74.6.143.25', '74.6.231.20', '54.161.105.65', '34.225.127.72', '98.137.11.164', '74.6.143.26', '74.6.231.21', '74.6.143.26', '98.137.11.163', '74.6.143.25', '34.225.127.72', '98.137.11.164', '54.161.105.65', '74.6.231.20', '74.6.231.21', '34.225.127.72', '74.6.143.25', '74.6.143.26', '74.6.231.20', '98.137.11.164', '98.137.11.163', '74.6.231.21', '54.161.105.65', '74.6.143.26', '74.6.231.21', '34.225.127.72', '74.6.231.20', '98.137.11.164', '98.137.11.163', '74.6.143.25', '54.161.105.65', '74.6.231.21', '98.137.11.163', '98.137.11.164', '34.225.127.72', '54.161.105.65', '74.6.143.25', '74.6.143.26', '74.6.231.20']"
qq.com,5,5,5,112,338,"['203.205.254.157', '123.151.137.18', '61.129.7.47', '183.3.226.35', '123.151.137.18', '61.129.7.47', '203.205.254.157', '183.3.226.35', '203.205.254.157', '183.3.226.35', '61.129.7.47', '123.151.137.18', '203.205.254.157', '123.151.137.18', '61.129.7.47', '183.3.226.35', '123.151.137.18', '183.3.226.35', '203.205.254.157', '61.129.7.47']"
akamai.net,0,0,0,0,0,[]
domain1.tche.br,25,5,61,114,132,"['200.132.0.156', '200.132.0.156', '200.132.0.156', '200.132.0.156', '200.132.0.156']"
domain2.tche.br,4,6,4,114,4,"['200.132.0.156', '200.132.0.156', '200.132.0.156', '200.132.0.156', '200.132.0.156']"
domain3.tche.br,25,5,5,113,4,"['200.132.0.156', '200.132.0.156', '200.132.0.156', '200.132.0.156', '200.132.0.156']"
domain4.tche.br,4,4,4,113,126,"['200.132.0.156', '200.132.0.156', '200.132.0.156', '200.132.0.156', '200.132.0.156']"
domain5.tche.br,4,5,4,113,4,"['200.132.0.156', '200.132.0.156', '200.132.0.156', '200.132.0.156', '200.132.0.156']"
domain6.tche.br,25,7,5,261,4,"['200.132.0.156', '200.132.0.156', '200.132.0.156', '200.132.0.156', '200.132.0.156']"
domain7.tche.br,4,5,5,113,127,"['200.132.0.156', '200.132.0.156', '200.132.0.156', '200.132.0.156', '200.132.0.156']"
domain8.tche.br,5,5,87,113,126,"['200.132.0.156', '200.132.0.156', '200.132.0.156', '200.132.0.156', '200.132.0.156']"
domain9.tche.br,5,5,60,115,125,"['200.132.0.156', '200.132.0.156', '200.132.0.156', '200.132.0.156', '200.132.0.156']"
domain10.tche.br,5,6,4,260,126,"['200.132.0.156', '200.132.0.156', '200.132.0.156', '200.132.0.156', '200.132.0.156']"
domain11.tche.br,5,6,4,112,3,"['200.132.0.156', '200.132.0.156', '200.132.0.156', '200.132.0.156', '200.132.0.156']"
domain12.tche.br,22,6,4,113,4,"['200.132.0.156', '200.132.0.156', '200.132.0.156', '200.132.0.156', '200.132.0.156']"
domain13.tche.br,4,5,5,114,5,"['200.132.0.156', '200.132.0.156', '200.132.0.156', '200.132.0.156', '200.132.0.156']"
domain14.tche.br,4,4,4,112,4,"['200.132.0.156', '200.132.0.156', '200.132.0.156', '200.132.0.156', '200.132.0.156']"
domain15.tche.br,4,5,5,113,4,"['200.132.0.156', '200.132.0.156', '200.132.0.156', '200.132.0.156', '200.132.0.156']"
domain16.tche.br,22,5,63,113,5,"['200.132.0.156', '200.132.0.156', '200.132.0.156', '200.132.0.156', '200.132.0.156']"
domain17.tche.br,4,5,5,263,4,"['200.132.0.156', '200.132.0.156', '200.132.0.156', '200.132.0.156', '200.132.0.156']"
domain18.tche.br,24,5,5,113,4,"['200.132.0.156', '200.132.0.156', '200.132.0.156', '200.132.0.156', '200.132.0.156']"
domain19.tche.br,4,5,5,114,4,"['200.132.0.156', '200.132.0.156', '200.132.0.156', '200.132.0.156', '200.132.0.156']"
domain20.tche.br,4,5,5,113,4,"['200.132.0.156', '200.132.0.156', '200.132.0.156', '200.132.0.156', '200.132.0.156']"
tabsite.com,126,7,5,112,4,"['142.93.245.3', '142.93.245.3', '142.93.245.3', '142.93.245.3', '142.93.245.3']"
yuukagetsu.com,4,5,5,113,473,"['153.127.214.195', '153.127.214.195', '153.127.214.195', '153.127.214.195', '153.127.214.195']"
kafene.com,5,5,5,118,12,"['172.67.139.4', '104.21.46.126', '172.67.139.4', '104.21.46.126', '104.21.46.126', '172.67.139.4', '172.67.139.4', '104.21.46.126', '172.67.139.4', '104.21.46.126']"
yuzu-tosou.com,4,5,5,114,4,"['183.181.82.28', '183.181.82.28', '183.181.82.28', '183.181.82.28', '183.181.82.28']"
lotzadollars.com,110,5,274,112,226,"['64.59.81.118', '64.59.81.118', '64.59.81.118', '64.59.81.118', '64.59.81.118']"
ywproperty.com,5,5,4,113,4,"['192.124.249.179', '192.124.249.179', '192.124.249.179', '192.124.249.179', '192.124.249.179']"
yxbabe.com,4,4,4,112,4048,"['47.108.200.10', '47.108.200.10', '47.108.200.10', '47.108.200.10', '47.108.200.10']"
gtd4xzbo4mycmst.com,0,0,0,0,0,[]
joyfulhour.net,5,6,5,113,7,"['3.33.130.190', '15.197.148.33', '3.33.130.190', '15.197.148.33', '3.33.130.190', '15.197.148.33', '3.33.130.190', '15.197.148.33', '3.33.130.190', '15.197.148.33']"
bentoncollections.com,112,4,116,112,117,"['23.227.38.32', '23.227.38.32', '23.227.38.32', '23.227.38.32', '23.227.38.32']"
yyfxgzs.com,0,0,0,0,0,[]
bonpost.ru,428,5,4,112,838,"['190.2.148.60', '190.2.148.60', '190.2.148.60', '190.2.148.60', '190.2.148.60']"
notary.net,4,5,5,112,10,"['97.64.129.7', '97.64.129.7', '97.64.129.7', '97.64.129.7', '97.64.129.7']"
yywater.tw,142,5,4,113,5,"['85.187.128.60', '85.187.128.60', '85.187.128.60', '85.187.128.60', '85.187.128.60']"
shopiro.ca,4,4,4,114,4,"['51.222.110.142', '51.222.110.142', '51.222.110.142', '51.222.110.142', '51.222.110.142']"
facetfiez.space,11,5,4,113,4,"['104.21.45.210', '172.67.219.46', '172.67.219.46', '104.21.45.210', '172.67.219.46', '104.21.45.210', '104.21.45.210', '172.67.219.46', '172.67.219.46', '104.21.45.210']"
yztown.vip,9,4,5,111,4,"['199.59.243.223', '199.59.243.223', '199.59.243.223', '199.59.243.223', '199.59.243.223']"
openhealthnews.com,4,6,5,112,9,"['172.67.222.208', '104.21.62.98', '172.67.222.208', '104.21.62.98', '172.67.222.208', '104.21.62.98', '104.21.62.98', '172.67.222.208', '104.21.62.98', '172.67.222.208']"
euniverse.com,0,0,0,117,0,['52.15.96.207']
freestart.hu,159,8,7,194,928,"['161.35.220.214', '161.35.220.214', '161.35.220.214', '161.35.220.214', '161.35.220.214']"
